1
1
2
4
4
5
5
5
5
6
6
6
6
7
12
12
12
12
12
12
13
13
13
13
13
14
15
15
15
15
16
16
17
19
19
20
20
21
21
22
23
23
23
23
24
24
26
26
27
28
30
31
33
33
35
36
37
38
39
39
39
39
42
43
43
44
45
45
46
47
49
50
51
51
52
52
53
53
54
57
57
59
60
61
61
61
62
62
62
64
64
65
66
66
67
67
69
70
72
73
73
76
76
77
78
79
81
81
83
85
86
87
87
88
89
90
93
93
94
94
95
96
96
97
98
100
100
101
102
102
103
103
105
105
106
107
107
110
112
113
113
113
114
115
117
117
118
118
119
119
120
120
122
124
124
124
125
126
128
129
130
134
135
137
138
138
139
139
139
140
144
144
147
147
147
148
148
149
150
152
153
153
154
155
156
157
157
157
159
160
160
161
161
161
163
164
164
164
165
166
166
166
167
167
167
168
168
169
171
173
174
174
175
176
177
177
178
178
180
181
181
182
184
185
186
186
186
187
190
191
192
193
193
196
197
197
198
198
200
201
202
203
205
207
207
209
211
211
214
214
215
216
216
218
218
218
219
220
221
222
223
225
228
228
228
229
230
231
233
233
235
236
237
237
237
239
240
241
241
242
243
244
244
244
244
245
248
248
248
250
250
251
252
253
254
255
258
258
258
258
259
259
260
262
262
266
268
269
269
270
272
272
273
273
273
273
274
274
275
275
275
276
276
277
280
281
281
281
283
287
287
287
287
287
288
288
290
290
291
292
293
293
293
293
295
295
295
295
297
299
303
304
307
307
308
308
308
309
310
311
312
313
314
315
316
316
317
317
318
318
319
319
321
322
322
322
323
323
324
324
324
325
326
326
326
326
327
328
330
331
332
332
333
333
334
334
334
336
337
337
338
339
339
339
339
340
340
340
340
342
342
343
343
344
344
346
347
347
351
352
352
353
356
356
357
357
357
358
358
358
358
361
361
361
363
363
363
364
364
364
364
364
365
365
366
366
367
370
371
372
372
373
373
373
373
380
381
381
382
382
383
384
385
385
385
386
388
389
390
390
391
391
393
393
394
395
396
396
398
398
399
400
401
402
403
403
404
404
406
408
408
408
409
410
411
411
414
414
414
414
415
415
417
418
418
418
420
420
421
421
421
422
422
422
423
424
427
428
429
430
430
430
430
431
432
434
434
435
437
438
438
438
438
439
440
441
442
442
443
443
444
444
446
448
448
449
451
452
454
454
455
455
456
456
458
459
459
459
459
460
460
460
463
463
464
469
469
470
470
471
472
472
473
473
474
475
476
476
477
477
478
481
482
483
483
483
484
486
488
489
489
491
491
492
492
494
496
496
498
499
503
503
503
503
503
504
505
507
507
508
509
509
509
510
511
512
514
517
517
517
518
519
522
523
524
524
524
524
525
526
526
527
527
527
529
532
533
533
533
534
534
535
535
536
537
537
540
546
546
547
547
549
549
550
551
553
553
555
555
555
556
556
557
557
558
559
560
560
560
560
561
561
561
561
562
562
562
564
565
565
565
565
567
569
570
574
574
575
575
575
575
576
578
579
579
579
579
580
580
580
580
582
583
584
584
584
587
587
587
588
588
589
591
591
592
595
595
596
596
597
598
598
598
598
599
600
601
601
601
602
604
607
607
607
609
609
609
609
610
610
611
612
615
615
616
617
617
618
622
622
624
625
625
626
627
627
628
630
630
630
631
632
633
634
634
635
636
636
637
639
640
641
642
643
643
645
646
646
649
649
650
651
651
652
657
657
658
658
659
659
660
662
662
663
663
664
664
664
666
668
668
668
669
669
669
669
671
671
673
677
677
678
680
681
682
682
682
682
684
684
685
685
686
688
688
689
691
692
693
694
695
696
696
697
699
700
700
700
701
701
701
701
702
703
706
706
706
706
706
708
708
710
711
711
713
713
713
714
714
716
717
717
718
718
718
719
721
722
722
723
724
725
725
725
727
727
728
729
729
730
730
731
731
732
733
734
735
738
738
738
738
738
739
740
742
742
743
744
744
744
746
746
747
747
748
748
749
749
750
750
751
751
753
754
754
755
755
757
757
757
758
758
759
761
762
762
762
762
763
764
764
764
765
766
770
770
772
772
775
776
776
777
777
777
777
777
779
779
779
780
780
781
781
782
783
783
785
789
789
789
790
791
792
793
797
798
799
800
801
802
804
804
804
804
805
807
808
812
812
813
814
814
815
817
818
818
819
819
820
822
822
822
823
824
824
824
824
825
827
827
830
830
830
830
830
835
836
838
839
839
840
841
841
842
842
842
843
843
844
844
846
846
847
847
847
848
849
850
851
851
852
852
853
853
853
855
855
857
857
857
857
858
859
861
861
861
864
865
865
867
868
870
871
871
871
873
873
873
874
874
874
877
877
877
877
877
878
879
882
882
883
883
883
884
885
886
888
889
890
892
894
895
896
899
900
901
903
904
904
906
906
906
907
907
907
907
908
908
909
910
910
910
911
912
913
914
915
916
916
916
917
919
920
921
921
922
923
925
925
926
926
927
928
928
928
929
930
930
930
930
930
931
931
932
934
935
936
937
938
938
939
941
943
944
944
944
949
949
949
950
950
950
950
951
951
952
952
953
956
956
957
960
960
960
963
964
966
966
967
967
968
969
969
970
971
972
972
974
975
977
977
978
978
979
979
981
982
982
982
983
983
987
987
987
989
989
990
990
992
993
993
993
994
995
995
996
996
997
997
998
998
998
998
1000
1003
1004
1005
1006
1007
1011
1012
1013
1013
1013
1015
1015
1016
1016
1017
1019
1019
1020
1022
1023
1024
1025
1026
1027
1028
1029
1030
1030
1031
1032
1034
1036
1037
1038
1038
1038
1038
1040
1042
1043
1043
1044
1045
1047
1047
1049
1050
1050
1051
1052
1052
1053
1054
1054
1054
1057
1059
1060
1062
1062
1062
1062
1062
1063
1063
1064
1064
1066
1066
1068
1068
1070
1070
1071
1071
1072
1072
1073
1074
1075
1076
1076
1078
1079
1080
1081
1082
1084
1087
1088
1088
1089
1089
1091
1091
1092
1093
1093
1096
1097
1097
1097
1097
1098
1098
1098
1098
1098
1098
1099
1100
1101
1101
1102
1103
1104
1104
1105
1105
1106
1106
1108
1111
1112
1113
1115
1116
1116
1117
1117
1118
1118
1119
1119
1121
1122
1124
1125
1126
1126
1130
1131
1132
1132
1132
1132
1136
1138
1141
1142
1143
1143
1144
1145
1145
1147
1149
1150
1151
1154
1154
1155
1155
1156
1156
1157
1159
1159
1160
1160
1160
1161
1162
1164
1166
1166
1167
1168
1168
1170
1170
1171
1172
1172
1176
1176
1176
1178
1179
1180
1181
1181
1181
1182
1182
1183
1184
1184
1185
1185
1186
1186
1191
1191
1191
1192
1194
1194
1194
1194
1195
1196
1198
1199
1202
1202
1203
1203
1204
1205
1206
1206
1206
1206
1207
1208
1210
1211
1211
1211
1212
1212
1212
1214
1215
1215
1216
1216
1217
1217
1218
1220
1221
1221
1222
1223
1224
1224
1225
1225
1226
1226
1227
1229
1231
1231
1232
1232
1234
1234
1236
1236
1237
1238
1238
1240
1240
1240
1241
1244
1246
1248
1250
1250
1251
1251
1251
1253
1254
1255
1257
1257
1257
1258
1259
1259
1260
1260
1261
1262
1263
1264
1264
1264
1265
1267
1268
1269
1269
1271
1271
1273
1274
1274
1275
1276
1276
1277
1277
1279
1279
1280
1280
1281
1281
1281
1284
1286
1287
1288
1292
1293
1293
1293
1293
1293
1294
1295
1295
1296
1296
1297
1297
1297
1298
1300
1301
1301
1302
1303
1304
1305
1305
1305
1305
1306
1306
1307
1307
1309
1309
1312
1313
1313
1315
1316
1317
1318
1319
1319
1320
1322
1323
1324
1324
1324
1327
1328
1328
1328
1329
1330
1330
1330
1331
1331
1333
1337
1338
1338
1338
1339
1339
1339
1341
1341
1341
1344
1347
1347
1348
1348
1348
1349
1349
1349
1349
1350
1350
1350
1350
1351
1353
1354
1355
1355
1355
1355
1356
1356
1356
1357
1357
1358
1359
1360
1361
1361
1361
1361
1361
1362
1363
1366
1369
1372
1372
1374
1375
1376
1376
1377
1378
1379
1379
1380
1380
1380
1381
1383
1383
1383
1385
1386
1387
1388
1389
1392
1395
1396
1396
1398
1400
1400
1400
1401
1401
1402
1403
1404
1405
1405
1406
1406
1407
1407
1408
1409
1409
1410
1410
1414
1414
1415
1416
1416
1416
1417
1418
1419
1420
1420
1420
1420
1421
1421
1421
1422
1422
1423
1424
1424
1424
1425
1427
1428
1428
1428
1429
1429
1431
1431
1432
1433
1434
1437
1439
1442
1443
1443
1450
1451
1453
1453
1455
1457
1457
1457
1459
1459
1459
1461
1461
1463
1463
1463
1463
1464
1464
1465
1465
1465
1467
1468
1469
1470
1472
1473
1473
1475
1476
1476
1476
1477
1477
1478
1478
1481
1481
1483
1484
1484
1485
1487
1488
1489
1490
1490
1491
1492
1492
1492
1492
1493
1496
1496
1497
1497
1497
1498
1500
1501
1502
1502
1502
1503
1503
1504
1506
1507
1509
1510
1511
1511
1511
1512
1512
1513
1513
1513
1514
1516
1517
1517
1518
1518
1519
1519
1520
1521
1522
1523
1523
1526
1526
1526
1526
1527
1527
1528
1533
1533
1535
1536
1537
1538
1538
1540
1543
1545
1545
1545
1545
1546
1547
1547
1547
1548
1548
1549
1549
1550
1551
1551
1552
1554
1556
1557
1558
1558
1559
1559
1560
1562
1564
1564
1564
1565
1565
1566
1569
1569
1570
1571
1571
1572
1573
1573
1576
1577
1578
1578
1581
1581
1581
1581
1582
1582
1584
1584
1584
1587
1589
1590
1592
1592
1593
1593
1597
1598
1604
1604
1605
1605
1605
1605
1606
1608
1609
1612
1612
1613
1613
1613
1616
1617
1617
1618
1618
1619
1619
1620
1620
1620
1621
1621
1624
1625
1625
1627
1628
1629
1629
1630
1630
1631
1631
1633
1634
1634
1634
1635
1635
1636
1636
1636
1636
1637
1638
1638
1638
1639
1642
1642
1643
1644
1644
1645
1649
1649
1649
1649
1650
1650
1650
1651
1651
1652
1652
1653
1653
1653
1653
1654
1655
1656
1656
1656
1657
1659
1663
1664
1665
1665
1666
1666
1667
1668
1668
1670
1671
1671
1673
1673
1675
1676
1678
1679
1679
1680
1680
1680
1680
1681
1682
1682
1682
1682
1683
1684
1686
1686
1686
1687
1687
1687
1690
1690
1692
1693
1695
1695
1695
1696
1697
1697
1697
1699
1699
1699
1699
1699
1700
1702
1704
1704
1704
1705
1705
1705
1707
1709
1709
1709
1710
1710
1712
1713
1714
1715
1718
1718
1719
1720
1721
1723
1723
1724
1724
1724
1725
1725
1727
1730
1731
1732
1733
1733
1734
1734
1736
1737
1738
1738
1739
1741
1742
1742
1743
1744
1744
1745
1745
1747
1747
1748
1748
1749
1750
1750
1750
1750
1752
1755
1755
1756
1757
1758
1758
1759
1760
1760
1760
1762
1763
1765
1765
1767
1767
1768
1768
1770
1772
1774
1775
1775
1776
1777
1777
1779
1780
1781
1781
1782
1782
1782
1783
1784
1785
1785
1785
1786
1786
1786
1788
1789
1789
1790
1790
1790
1791
1791
1791
1792
1793
1793
1793
1794
1794
1795
1795
1795
1795
1796
1796
1798
1798
1799
1800
1800
1801
1804
1804
1805
1807
1807
1807
1808
1809
1809
1810
1811
1811
1811
1811
1813
1814
1814
1814
1814
1816
1816
1817
1820
1820
1821
1823
1823
1824
1825
1826
1829
1829
1830
1831
1831
1832
1832
1832
1833
1834
1835
1836
1837
1837
1838
1839
1842
1842
1845
1846
1848
1848
1849
1849
1851
1851
1852
1854
1855
1856
1856
1859
1860
1862
1862
1863
1864
1864
1865
1866
1867
1868
1868
1868
1868
1869
1869
1871
1871
1873
1874
1874
1875
1877
1878
1878
1879
1879
1879
1879
1880
1880
1881
1881
1882
1883
1887
1888
1888
1889
1890
1891
1892
1892
1892
1893
1894
1895
1895
1895
1896
1896
1898
1899
1899
1900
1901
1902
1903
1904
1906
1906
1910
1911
1912
1913
1913
1914
1916
1917
1920
1921
1921
1922
1923
1924
1924
1927
1927
1927
1928
1928
1930
1930
1930
1931
1931
1931
1932
1933
1936
1938
1939
1939
1940
1941
1941
1942
1942
1945
1945
1945
1945
1947
1948
1949
1951
1952
1954
1954
1954
1954
1955
1955
1955
1956
1957
1959
1960
1960
1962
1963
1963
1964
1964
1964
1965
1968
1968
1969
1970
1971
1972
1974
1974
1974
1975
1976
1977
1979
1980
1981
1981
1982
1983
1983
1983
1984
1984
1986
1986
1986
1986
1987
1987
1988
1988
1988
1989
1989
1990
1990
1994
1994
1995
1996
1997
1997
1997
1998
1998
1999
2000
2002
2003
2004
2005
2006
2007
2008
2009
2010
2011
2011
2012
2013
2014
2014
2016
2017
2017
2019
2020
2020
2021
2023
2024
2024
2026
2027
2030
2030
2030
2031
2031
2031
2031
2031
2032
2032
2033
2033
2034
2034
2034
2035
2035
2035
2036
2037
2037
2039
2040
2043
2044
2044
2045
2045
2047
2047
2048
2048
2049
2050
2050
2053
2054
2054
2054
2055
2055
2057
2058
2058
2059
2060
2061
2061
2061
2063
2063
2063
2064
2064
2066
2067
2069
2071
2071
2072
2072
2073
2073
2073
2074
2075
2076
2076
2078
2079
2080
2080
2080
2081
2082
2082
2083
2084
2085
2085
2085
2086
2087
2087
2087
2087
2089
2090
2090
2091
2092
2093
2095
2096
2096
2096
2096
2096
2096
2096
2098
2098
2099
2099
2100
2101
2103
2106
2106
2107
2108
2109
2109
2109
2110
2111
2111
2112
2113
2114
2115
2115
2116
2116
2116
2117
2118
2118
2118
2118
2119
2119
2120
2120
2120
2120
2122
2123
2125
2127
2128
2130
2131
2133
2133
2133
2134
2134
2134
2134
2134
2137
2137
2137
2138
2138
2139
2140
2140
2142
2143
2144
2144
2146
2146
2146
2147
2149
2150
2150
2151
2154
2156
2157
2158
2159
2159
2162
2162
2162
2163
2163
2163
2164
2164
2164
2164
2165
2167
2169
2170
2172
2173
2173
2174
2175
2176
2179
2180
2180
2180
2181
2182
2184
2186
2187
2188
2191
2191
2193
2193
2194
2195
2195
2196
2197
2197
2198
2198
2198
2200
2201
2201
2202
2202
2206
2206
2208
2208
2210
2211
2211
2211
2213
2215
2219
2220
2220
2220
2221
2223
2223
2224
2227
2227
2228
2228
2228
2229
2229
2231
2231
2232
2232
2233
2233
2233
2233
2234
2234
2235
2235
2237
2237
2238
2238
2238
2239
2239
2240
2240
2241
2242
2242
2243
2243
2245
2245
2246
2246
2247
2248
2248
2250
2251
2251
2252
2253
2253
2255
2257
2258
2261
2261
2263
2263
2264
2265
2265
2265
2266
2266
2267
2269
2270
2270
2270
2271
2272
2275
2275
2276
2276
2276
2277
2277
2279
2280
2281
2283
2283
2284
2284
2285
2285
2285
2285
2286
2287
2287
2287
2290
2290
2290
2291
2292
2295
2296
2296
2297
2297
2299
2300
2300
2300
2300
2302
2302
2302
2304
2304
2304
2304
2305
2305
2307
2308
2309
2312
2312
2313
2316
2316
2317
2317
2318
2319
2320
2321
2322
2322
2323
2323
2323
2324
2324
2324
2325
2325
2326
2327
2327
2328
2329
2331
2333
2334
2334
2334
2335
2337
2337
2338
2339
2339
2340
2341
2341
2342
2342
2344
2346
2347
2347
2347
2348
2348
2349
2349
2350
2351
2351
2351
2352
2352
2354
2356
2357
2357
2358
2359
2360
2361
2364
2366
2366
2369
2370
2370
2370
2372
2372
2372
2372
2374
2375
2376
2376
2376
2378
2378
2383
2383
2384
2385
2385
2386
2387
2387
2388
2389
2389
2389
2390
2390
2392
2395
2395
2397
2397
2398
2399
2400
2400
2401
2402
2402
2403
2404
2404
2405
2406
2406
2406
2408
2409
2410
2412
2412
2414
2415
2416
2416
2417
2418
2418
2419
2420
2421
2422
2425
2425
2425
2427
2427
2428
2428
2429
2431
2433
2434
2434
2435
2435
2435
2436
2437
2438
2438
2440
2441
2442
2442
2443
2443
2444
2444
2445
2445
2446
2446
2446
2447
2450
2452
2452
2453
2453
2456
2458
2458
2459
2459
2459
2460
2460
2461
2463
2464
2464
2464
2464
2465
2465
2465
2465
2466
2466
2467
2467
2468
2469
2469
2470
2471
2471
2474
2474
2474
2475
2475
2476
2477
2478
2478
2478
2480
2481
2484
2484
2485
2485
2486
2487
2489
2492
2493
2494
2496
2496
2497
2498
2498
2499
2499
2500
2500
2500
2501
2501
2501
2501
2504
2504
2505
2505
2506
2506
2507
2507
2508
2511
2512
2514
2514
2515
2515
2516
2517
2517
2518
2519
2519
2519
2519
2520
2522
2523
2526
2526
2527
2527
2528
2528
2530
2530
2531
2532
2532
2533
2534
2534
2534
2535
2536
2536
2537
2537
2537
2538
2539
2540
2542
2543
2546
2546
2546
2547
2550
2551
2553
2553
2555
2555
2555
2556
2556
2556
2556
2557
2558
2559
2559
2559
2559
2559
2561
2561
2562
2562
2563
2563
2563
2565
2566
2566
2568
2569
2570
2570
2572
2572
2572
2573
2573
2573
2574
2574
2575
2575
2577
2577
2579
2579
2580
2580
2581
2581
2582
2582
2583
2583
2585
2585
2586
2586
2586
2587
2587
2589
2590
2590
2590
2590
2590
2593
2593
2593
2594
2594
2594
2596
2597
2598
2598
2598
2599
2600
2601
2601
2602
2602
2602
2603
2604
2606
2606
2606
2606
2607
2608
2609
2609
2609
2609
2611
2612
2613
2613
2613
2615
2616
2616
2617
2619
2619
2620
2620
2620
2620
2623
2624
2624
2625
2625
2628
2628
2628
2629
2630
2630
2630
2632
2633
2634
2634
2635
2635
2636
2636
2636
2637
2637
2637
2638
2638
2639
2639
2640
2640
2641
2644
2645
2646
2647
2649
2651
2652
2652
2654
2654
2654
2657
2657
2658
2658
2659
2661
2661
2661
2662
2665
2666
2666
2666
2666
2667
2668
2669
2669
2670
2670
2674
2674
2675
2676
2676
2677
2677
2678
2678
2679
2680
2681
2681
2681
2682
2682
2682
2684
2687
2688
2688
2688
2689
2689
2690
2690
2690
2690
2692
2692
2693
2693
2694
2695
2696
2696
2696
2696
2699
2699
2700
2701
2701
2702
2702
2703
2704
2706
2706
2706
2707
2707
2708
2708
2708
2709
2709
2711
2711
2711
2712
2712
2713
2713
2716
2717
2718
2718
2721
2721
2722
2724
2724
2725
2725
2725
2727
2728
2730
2731
2731
2733
2735
2735
2736
2737
2742
2745
2745
2745
2746
2746
2746
2747
2747
2747
2748
2748
2749
2750
2750
2751
2751
2755
2755
2756
2756
2759
2760
2761
2762
2762
2763
2763
2764
2765
2766
2767
2768
2769
2770
2771
2771
2771
2771
2772
2773
2777
2778
2778
2779
2783
2784
2784
2785
2785
2785
2785
2786
2786
2787
2790
2791
2793
2794
2795
2796
2797
2798
2799
2801
2801
2801
2801
2803
2804
2810
2813
2814
2814
2817
2823
2823
2824
2825
2827
2827
2828
2828
2829
2829
2830
2831
2832
2832
2835
2836
2837
2838
2839
2839
2842
2844
2845
2848
2848
2850
2850
2852
2852
2855
2856
2857
2858
2859
2859
2860
2863
2864
2865
2866
2866
2867
2869
2873
2873
2875
2877
2878
2878
2879
2879
2880
2881
2881
2882
2883
2884
2885
2887
2887
2887
2889
2890
2890
2891
2893
2894
2895
2895
2896
2898
2898
2899
2900
2901
2901
2901
2902
2902
2903
2904
2906
2906
2906
2911
2911
2911
2913
2913
2915
2917
2920
2923
2923
2926
2928
2931
2931
2932
2933
2934
2936
2937
2938
2940
2941
2941
2941
2943
2946
2946
2947
2949
2950
2960
2960
2961
2961
2963
2964
2965
2965
2966
2969
2971
2972
2975
2975
2975
2976
2977
2977
2978
2978
2980
2980
2981
2982
2982
2982
2983
2983
2984
2986
2987
2987
2987
2989
2991
2992
2994
2994
2994
2995
2998
2999
3001
3001
3003
3003
3005
3006
3006
3009
3009
3010
3011
3013
3013
3013
3014
3015
3018
3018
3019
3019
3019
3020
3022
3025
3027
3028
3029
3030
3031
3031
3032
3036
3036
3037
3037
3038
3039
3040
3040
3041
3041
3041
3042
3042
3043
3047
3048
3048
3052
3053
3055
3057
3057
3059
3061
3062
3062
3063
3067
3067
3067
3068
3069
3069
3069
3071
3071
3072
3072
3073
3074
3074
3075
3075
3075
3076
3077
3077
3078
3078
3080
3080
3082
3083
3085
3086
3087
3088
3089
3091
3091
3092
3092
3094
3095
3096
3097
3097
3097
3099
3100
3100
3102
3102
3108
3109
3110
3113
3114
3115
3116
3116
3121
3121
3122
3122
3123
3123
3124
3126
3127
3128
3128
3131
3131
3133
3134
3134
3135
3136
3136
3137
3137
3138
3139
3139
3141
3141
3142
3142
3145
3145
3146
3148
3148
3149
3149
3150
3151
3158
3158
3159
3159
3159
3159
3160
3160
3162
3163
3165
3166
3168
3169
3169
3169
3169
3170
3172
3173
3175
3175
3175
3175
3176
3178
3179
3179
3179
3181
3183
3183
3186
3186
3186
3187
3187
3188
3189
3189
3189
3192
3196
3198
3200
3201
3201
3201
3203
3203
3205
3205
3205
3205
3207
3207
3211
3212
3212
3213
3213
3213
3215
3215
3220
3220
3221
3222
3224
3226
3231
3232
3233
3235
3236
3237
3238
3239
3239
3239
3241
3241
3242
3242
3245
3247
3248
3248
3249
3250
3252
3253
3253
3254
3255
3256
3257
3261
3261
3261
3262
3265
3265
3265
3265
3266
3266
3267
3267
3268
3269
3272
3272
3274
3280
3281
3282
3283
3284
3285
3285
3285
3287
3288
3288
3289
3290
3290
3290
3291
3291
3292
3293
3293
3295
3296
3297
3302
3303
3303
3305
3305
3306
3306
3308
3309
3309
3309
3311
3311
3312
3315
3316
3316
3317
3319
3321
3322
3323
3324
3324
3324
3326
3326
3327
3328
3328
3331
3332
3332
3333
3333
3333
3334
3335
3337
3338
3338
3339
3341
3342
3343
3343
3343
3346
3347
3348
3348
3349
3349
3351
3351
3352
3352
3356
3357
3359
3361
3361
3362
3362
3365
3366
3366
3367
3368
3369
3371
3371
3372
3374
3377
3377
3377
3378
3379
3379
3379
3379
3382
3383
3383
3384
3385
3385
3385
3386
3386
3387
3390
3396
3396
3399
3400
3400
3401
3402
3402
3402
3403
3403
3406
3408
3410
3413
3414
3414
3415
3416
3417
3417
3419
3420
3421
3422
3423
3426
3426
3427
3428
3431
3432
3434
3435
3438
3438
3446
3446
3447
3448
3449
3451
3452
3453
3453
3454
3454
3454
3455
3455
3456
3458
3459
3460
3461
3461
3463
3466
3466
3467
3467
3467
3468
3468
3469
3469
3470
3471
3472
3472
3472
3474
3474
3474
3474
3476
3477
3478
3478
3478
3479
3481
3482
3482
3483
3484
3484
3488
3488
3488
3489
3490
3493
3494
3494
3495
3495
3496
3499
3499
3499
3500
3502
3503
3504
3505
3505
3507
3507
3507
3507
3509
3509
3509
3512
3520
3523
3523
3525
3527
3530
3530
3530
3531
3533
3535
3536
3536
3536
3536
3536
3536
3536
3537
3539
3542
3542
3544
3546
3546
3547
3548
3549
3550
3550
3552
3552
3553
3553
3556
3556
3560
3562
3562
3562
3563
3564
3566
3566
3567
3568
3569
3570
3570
3571
3572
3576
3576
3577
3577
3578
3578
3578
3581
3581
3581
3581
3583
3583
3586
3587
3588
3588
3588
3593
3594
3594
3596
3597
3598
3600
3600
3601
3603
3604
3605
3606
3607
3608
3608
3610
3610
3611
3614
3616
3616
3616
3617
3619
3620
3622
3624
3625
3625
3627
3630
3631
3631
3631
3632
3632
3633
3633
3634
3634
3634
3635
3636
3637
3637
3639
3640
3642
3644
3645
3645
3646
3650
3650
3652
3653
3655
3655
3656
3656
3657
3657
3657
3658
3659
3660
3660
3661
3664
3665
3665
3665
3665
3665
3666
3667
3668
3668
3670
3671
3676
3676
3677
3679
3679
3679
3679
3680
3682
3682
3683
3684
3685
3687
3688
3688
3689
3690
3691
3694
3695
3695
3695
3696
3696
3697
3698
3699
3699
3701
3703
3706
3707
3707
3709
3711
3711
3711
3712
3713
3714
3716
3716
3716
3716
3719
3720
3721
3721
3721
3722
3722
3723
3726
3726
3727
3728
3731
3732
3733
3733
3733
3733
3734
3735
3735
3735
3736
3737
3740
3740
3741
3741
3742
3742
3743
3745
3746
3746
3746
3748
3749
3749
3752
3752
3752
3753
3753
3754
3754
3754
3756
3757
3757
3758
3759
3761
3762
3763
3763
3763
3764
3766
3767
3768
3768
3770
3771
3772
3772
3773
3775
3775
3780
3780
3781
3782
3782
3784
3785
3785
3787
3787
3789
3789
3790
3793
3795
3795
3800
3801
3804
3804
3804
3805
3806
3806
3807
3811
3812
3814
3816
3817
3819
3821
3823
3823
3825
3826
3826
3827
3829
3832
3832
3833
3834
3835
3835
3836
3838
3840
3843
3843
3844
3846
3847
3847
3848
3849
3850
3851
3852
3854
3854
3855
3856
3857
3858
3861
3861
3863
3864
3866
3867
3868
3872
3876
3877
3878
3880
3880
3880
3880
3882
3883
3884
3885
3886
3886
3887
3888
3889
3891
3892
3892
3892
3894
3896
3898
3898
3899
3899
3900
3904
3906
3906
3908
3908
3909
3910
3912
3913
3913
3913
3913
3915
3916
3921
3923
3923
3924
3925
3927
3930
3932
3933
3933
3934
3935
3940
3941
3941
3942
3942
3945
3945
3945
3945
3946
3948
3949
3949
3951
3951
3953
3953
3956
3957
3960
3960
3960
3960
3961
3962
3963
3963
3965
3966
3967
3968
3968
3970
3970
3970
3971
3973
3973
3976
3976
3977
3978
3979
3980
3980
3984
3984
3986
3986
3986
3987
3988
3990
3991
3993
3998
3999
4002
4004
4004
4006
4006
4006
4007
4009
4009
4009
4009
4011
4011
4011
4013
4014
4015
4015
4018
4020
4021
4021
4023
4025
4025
4027
4029
4029
4030
4031
4031
4031
4032
4034
4034
4035
4035
4035
4037
4038
4039
4045
4045
4047
4052
4052
4053
4053
4053
4054
4055
4055
4056
4056
4056
4057
4058
4058
4060
4062
4063
4064
4066
4066
4066
4068
4071
4073
4074
4074
4074
4078
4078
4079
4081
4081
4082
4082
4083
4084
4084
4087
4087
4090
4092
4092
4093
4095
4096
4096
4097
4099
4099
4100
4101
4101
4102
4106
4107
4107
4107
4108
4111
4113
4113
4114
4115
4115
4115
4116
4116
4118
4119
4122
4123
4124
4124
4125
4126
4126
4129
4130
4130
4131
4132
4132
4134
4134
4136
4138
4139
4139
4140
4140
4141
4143
4143
4144
4145
4145
4147
4147
4151
4152
4153
4154
4154
4154
4155
4157
4158
4158
4159
4161
4162
4163
4164
4165
4167
4170
4171
4172
4173
4173
4174
4174
4175
4177
4177
4177
4178
4178
4181
4182
4183
4183
4184
4186
4190
4194
4196
4197
4198
4199
4199
4199
4200
4201
4202
4203
4203
4203
4204
4207
4209
4210
4213
4214
4215
4216
4217
4217
4217
4218
4219
4219
4221
4221
4221
4222
4222
4223
4223
4223
4227
4228
4228
4229
4231
4231
4232
4233
4233
4234
4235
4236
4237
4237
4238
4240
4241
4243
4246
4247
4248
4249
4249
4252
4252
4255
4255
4256
4258
4260
4260
4262
4262
4263
4264
4265
4266
4266
4267
4267
4268
4269
4269
4270
4271
4271
4273
4274
4276
4277
4278
4278
4278
4280
4281
4281
4283
4283
4284
4284
4285
4286
4289
4289
4292
4296
4296
4296
4300
4301
4301
4304
4305
4306
4309
4310
4311
4312
4314
4315
4317
4317
4318
4320
4321
4322
4322
4323
4323
4328
4330
4331
4332
4332
4333
4333
4334
4334
4335
4338
4339
4340
4340
4341
4344
4344
4344
4345
4345
4347
4347
4348
4349
4349
4350
4350
4352
4353
4353
4354
4355
4357
4359
4361
4364
4364
4365
4365
4368
4375
4375
4376
4377
4377
4377
4380
4381
4383
4384
4385
4385
4386
4389
4389
4391
4392
4392
4393
4393
4393
4393
4394
4395
4395
4396
4397
4397
4397
4398
4398
4402
4403
4403
4404
4406
4407
4407
4407
4407
4409
4410
4410
4415
4416
4416
4417
4419
4420
4423
4426
4426
4426
4427
4427
4428
4429
4431
4432
4432
4433
4435
4435
4436
4437
4437
4437
4438
4440
4441
4442
4442
4444
4444
4444
4445
4448
4449
4449
4450
4450
4450
4451
4451
4452
4453
4454
4454
4455
4456
4456
4457
4457
4458
4460
4461
4461
4462
4464
4464
4466
4466
4468
4468
4469
4469
4469
4471
4471
4472
4472
4472
4473
4473
4474
4474
4475
4476
4476
4477
4477
4478
4479
4480
4481
4485
4486
4487
4488
4489
4490
4492
4492
4494
4494
4495
4497
4499
4501
4501
4502
4503
4504
4504
4505
4505
4505
4505
4507
4511
4514
4514
4514
4515
4515
4516
4520
4521
4523
4523
4524
4525
4526
4529
4531
4531
4532
4533
4533
4535
4535
4538
4539
4539
4541
4541
4542
4543
4544
4544
4546
4547
4547
4550
4551
4551
4551
4554
4556
4557
4558
4558
4559
4560
4560
4560
4562
4563
4564
4564
4565
4566
4567
4567
4569
4571
4571
4578
4578
4579
4580
4582
4582
4583
4586
4586
4587
4587
4588
4592
4592
4592
4593
4594
4594
4596
4597
4598
4601
4602
4603
4604
4605
4605
4606
4607
4607
4608
4610
4610
4610
4614
4616
4622
4622
4622
4622
4622
4623
4624
4626
4627
4632
4633
4635
4636
4637
4639
4641
4643
4643
4644
4644
4645
4647
4647
4648
4652
4652
4654
4654
4654
4654
4655
4655
4658
4663
4663
4663
4666
4666
4667
4668
4669
4670
4672
4675
4676
4676
4681
4681
4682
4685
4686
4687
4687
4689
4690
4691
4692
4694
4694
4694
4695
4696
4698
4698
4699
4700
4700
4700
4701
4702
4703
4703
4703
4704
4704
4706
4707
4708
4710
4714
4714
4715
4715
4716
4719
4719
4722
4729
4729
4730
4731
4731
4731
4732
4733
4734
4739
4739
4742
4743
4745
4745
4746
4748
4749
4749
4750
4750
4750
4751
4752
4755
4755
4755
4756
4757
4758
4759
4761
4763
4764
4765
4767
4768
4768
4770
4770
4771
4772
4772
4773
4774
4776
4777
4778
4778
4779
4780
4780
4780
4781
4781
4782
4782
4783
4784
4785
4786
4787
4788
4788
4788
4791
4793
4794
4795
4795
4796
4796
4799
4799
4800
4800
4803
4804
4805
4805
4805
4806
4806
4807
4807
4808
4808
4809
4810
4810
4810
4811
4812
4813
4814
4814
4816
4817
4817
4819
4820
4821
4822
4823
4823
4824
4826
4827
4827
4829
4830
4831
4831
4832
4833
4836
4836
4840
4841
4842
4844
4844
4844
4845
4846
4846
4846
4846
4847
4847
4849
4850
4850
4852
4854
4855
4856
4856
4858
4859
4859
4860
4864
4864
4865
4867
4870
4870
4871
4871
4872
4873
4875
4877
4878
4878
4879
4880
4880
4880
4882
4883
4885
4885
4887
4888
4889
4890
4890
4890
4891
4891
4892
4894
4894
4894
4895
4896
4897
4899
4900
4901
4902
4903
4904
4904
4904
4905
4907
4908
4909
4911
4913
4916
4917
4918
4922
4925
4927
4929
4929
4929
4929
4930
4931
4932
4934
4935
4936
4936
4937
4937
4939
4939
4940
4941
4942
4945
4945
4946
4948
4948
4948
4950
4950
4952
4953
4954
4954
4955
4957
4957
4957
4958
4960
4963
4964
4965
4966
4966
4966
4967
4968
4972
4972
4972
4972
4973
4974
4974
4974
4975
4976
4978
4979
4979
4982
4982
4983
4983
4986
4987
4987
4988
4988
4990
4990
4991
4992
4994
4994
4994
4997
4998
4998
5000
5002
5005
5006
5007
5009
5012
5013
5014
5015
5017
5018
5018
5020
5020
5021
5022
5023
5023
5024
5024
5025
5025
5026
5029
5030
5033
5033
5033
5034
5034
5034
5035
5036
5036
5036
5036
5038
5038
5038
5039
5039
5040
5041
5042
5042
5042
5043
5044
5046
5046
5048
5051
5052
5054
5055
5056
5056
5056
5057
5057
5058
5059
5060
5063
5064
5064
5066
5067
5068
5070
5070
5072
5073
5075
5075
5076
5076
5076
5076
5077
5078
5079
5079
5079
5079
5080
5080
5081
5081
5082
5083
5083
5083
5084
5084
5086
5088
5088
5089
5090
5091
5092
5095
5096
5097
5098
5099
5100
5101
5101
5105
5106
5108
5108
5110
5111
5111
5112
5112
5113
5114
5115
5117
5119
5121
5122
5123
5123
5125
5129
5129
5130
5131
5131
5134
5134
5135
5135
5135
5136
5138
5138
5141
5141
5143
5143
5143
5146
5146
5146
5147
5149
5149
5151
5151
5152
5153
5154
5154
5156
5158
5158
5158
5159
5159
5164
5165
5167
5168
5170
5171
5172
5174
5174
5175
5180
5182
5184
5184
5184
5185
5187
5188
5189
5190
5191
5193
5195
5196
5196
5196
5198
5199
5199
5200
5200
5201
5204
5208
5215
5215
5216
5216
5216
5220
5220
5223
5225
5225
5225
5226
5226
5227
5228
5230
5230
5233
5239
5239
5243
5244
5244
5245
5246
5247
5248
5248
5250
5251
5252
5253
5255
5255
5259
5260
5260
5261
5263
5264
5264
5265
5266
5267
5269
5271
5273
5275
5276
5279
5280
5281
5281
5281
5282
5283
5283
5283
5284
5286
5286
5287
5290
5290
5290
5291
5291
5291
5291
5295
5295
5295
5298
5300
5301
5302
5302
5304
5309
5310
5310
5310
5314
5314
5314
5315
5315
5315
5315
5316
5316
5320
5320
5320
5323
5326
5328
5330
5332
5333
5336
5338
5339
5339
5340
5340
5341
5342
5344
5346
5346
5348
5351
5351
5352
5352
5353
5354
5356
5357
5357
5357
5360
5361
5363
5364
5365
5366
5368
5369
5372
5372
5374
5376
5376
5376
5377
5377
5378
5380
5380
5381
5383
5383
5383
5384
5384
5385
5385
5387
5389
5392
5394
5397
5397
5401
5401
5402
5402
5403
5404
5405
5406
5407
5409
5409
5411
5411
5411
5411
5412
5414
5414
5415
5417
5417
5418
5418
5421
5421
5421
5421
5421
5422
5423
5424
5424
5425
5426
5426
5426
5427
5427
5428
5430
5431
5431
5431
5432
5433
5434
5435
5437
5437
5438
5444
5446
5446
5447
5449
5451
5452
5452
5453
5453
5453
5456
5460
5464
5464
5464
5465
5465
5466
5470
5470
5473
5474
5474
5475
5475
5475
5476
5476
5476
5476
5476
5476
5480
5481
5481
5483
5483
5484
5484
5487
5488
5488
5489
5495
5496
5497
5497
5497
5498
5498
5498
5500
5501
5502
5502
5503
5504
5506
5507
5508
5510
5514
5515
5515
5516
5518
5522
5529
5529
5529
5530
5530
5531
5536
5537
5537
5537
5538
5539
5539
5539
5539
5540
5544
5545
5545
5545
5545
5545
5550
5551
5551
5552
5555
5556
5556
5558
5561
5561
5562
5564
5564
5564
5567
5570
5572
5572
5572
5572
5574
5577
5579
5579
5579
5580
5580
5581
5582
5582
5583
5586
5587
5588
5589
5590
5590
5592
5594
5594
5596
5597
5600
5601
5601
5606
5606
5607
5609
5611
5612
5612
5614
5614
5617
5617
5619
5619
5620
5620
5620
5622
5623
5624
5624
5624
5624
5625
5625
5626
5626
5628
5629
5629
5630
5631
5631
5631
5634
5636
5638
5638
5640
5640
5642
5642
5643
5643
5645
5645
5645
5646
5646
5649
5649
5650
5652
5652
5652
5654
5655
5655
5658
5658
5658
5659
5660
5660
5661
5662
5664
5664
5664
5667
5667
5667
5668
5671
5672
5672
5674
5675
5676
5676
5677
5678
5679
5681
5684
5686
5689
5690
5691
5691
5692
5692
5693
5693
5695
5697
5698
5698
5698
5699
5700
5700
5701
5703
5703
5704
5704
5706
5706
5706
5707
5710
5710
5711
5713
5716
5717
5718
5720
5721
5721
5724
5724
5725
5725
5727
5728
5729
5731
5732
5732
5733
5734
5735
5735
5736
5737
5738
5739
5741
5742
5743
5745
5745
5745
5746
5747
5748
5748
5750
5752
5752
5754
5755
5756
5758
5762
5762
5762
5763
5764
5765
5765
5766
5768
5769
5769
5770
5772
5773
5773
5774
5775
5777
5777
5777
5777
5779
5779
5780
5782
5782
5784
5785
5785
5785
5785
5785
5786
5786
5787
5787
5789
5790
5796
5796
5799
5800
5801
5803
5803
5804
5806
5807
5807
5808
5809
5810
5811
5811
5812
5814
5814
5815
5816
5816
5816
5817
5818
5821
5821
5822
5824
5825
5826
5826
5827
5829
5829
5830
5831
5831
5832
5832
5832
5833
5835
5835
5835
5836
5836
5839
5840
5846
5847
5849
5850
5851
5851
5851
5851
5853
5857
5860
5862
5862
5863
5864
5864
5865
5866
5866
5866
5867
5868
5869
5871
5871
5872
5873
5874
5877
5878
5882
5883
5885
5885
5886
5887
5887
5891
5891
5894
5894
5895
5895
5896
5897
5899
5899
5899
5899
5900
5901
5901
5905
5905
5906
5908
5910
5911
5912
5913
5915
5915
5916
5916
5918
5919
5921
5923
5923
5925
5926
5927
5928
5928
5928
5930
5930
5932
5933
5933
5935
5936
5937
5938
5938
5939
5939
5939
5940
5942
5943
5944
5945
5945
5946
5946
5947
5950
5950
5950
5952
5955
5955
5955
5955
5956
5958
5958
5959
5959
5960
5960
5962
5962
5963
5964
5964
5966
5967
5967
5968
5968
5968
5970
5971
5971
5971
5975
5978
5980
5981
5981
5982
5984
5984
5985
5985
5985
5986
5989
5990
5990
5991
5991
5991
5993
5993
5994
5995
5997
5997
6000
6000
6002
6004
6004
6004
6004
6006
6007
6007
6011
6014
6014
6014
6015
6015
6017
6018
6019
6021
6021
6021
6022
6022
6024
6025
6030
6031
6032
6032
6035
6035
6035
6036
6036
6039
6042
6042
6042
6043
6044
6045
6045
6045
6046
6047
6047
6048
6050
6050
6052
6053
6055
6056
6056
6057
6057
6058
6060
6060
6061
6061
6063
6063
6064
6065
6065
6066
6067
6069
6070
6071
6072
6072
6073
6073
6075
6077
6079
6082
6083
6084
6084
6087
6087
6088
6088
6089
6090
6091
6092
6092
6093
6093
6093
6095
6096
6097
6097
6098
6098
6098
6099
6102
6102
6102
6102
6104
6107
6108
6108
6110
6113
6116
6118
6118
6121
6121
6122
6122
6124
6124
6125
6125
6125
6126
6127
6127
6127
6128
6129
6131
6132
6132
6132
6133
6134
6134
6135
6136
6136
6137
6138
6140
6141
6141
6142
6143
6146
6146
6147
6149
6149
6149
6151
6153
6155
6161
6161
6161
6163
6164
6165
6168
6171
6171
6171
6171
6172
6172
6175
6177
6177
6177
6178
6181
6182
6183
6185
6186
6188
6190
6190
6190
6191
6193
6193
6195
6196
6198
6200
6200
6201
6201
6203
6205
6209
6211
6212
6214
6215
6215
6217
6220
6223
6224
6224
6225
6225
6225
6226
6226
6227
6227
6228
6228
6230
6231
6232
6232
6233
6233
6234
6235
6236
6237
6237
6237
6237
6239
6243
6244
6246
6246
6247
6248
6248
6248
6249
6249
6252
6253
6256
6256
6256
6257
6258
6260
6260
6264
6265
6266
6266
6267
6267
6267
6268
6268
6269
6270
6270
6274
6275
6275
6277
6278
6279
6282
6283
6283
6284
6284
6285
6285
6287
6287
6290
6293
6294
6294
6294
6295
6296
6296
6297
6299
6300
6300
6301
6301
6302
6303
6303
6305
6305
6307
6308
6309
6310
6313
6315
6316
6318
6319
6321
6322
6322
6323
6323
6324
6326
6327
6329
6330
6332
6333
6334
6335
6335
6338
6340
6340
6341
6342
6342
6343
6343
6343
6344
6345
6346
6346
6348
6348
6348
6348
6348
6349
6349
6349
6351
6352
6354
6356
6356
6357
6358
6358
6358
6358
6359
6360
6361
6361
6362
6366
6367
6367
6367
6369
6371
6371
6372
6373
6375
6375
6377
6378
6378
6378
6379
6380
6381
6383
6383
6384
6385
6387
6388
6388
6389
6391
6393
6395
6396
6399
6399
6401
6401
6402
6402
6403
6403
6406
6407
6407
6409
6410
6411
6411
6412
6412
6416
6416
6416
6417
6418
6418
6418
6419
6427
6427
6427
6428
6428
6430
6430
6432
6433
6433
6433
6435
6435
6436
6437
6440
6440
6443
6443
6447
6448
6450
6452
6452
6452
6453
6454
6455
6456
6457
6458
6458
6459
6461
6461
6464
6465
6466
6467
6467
6467
6468
6468
6469
6470
6473
6475
6476
6478
6479
6479
6481
6481
6482
6483
6485
6485
6486
6486
6486
6487
6487
6487
6487
6489
6489
6490
6491
6491
6495
6496
6497
6497
6499
6499
6499
6500
6502
6503
6504
6504
6505
6507
6508
6508
6508
6508
6510
6512
6513
6513
6515
6515
6515
6516
6516
6518
6520
6522
6523
6525
6526
6529
6533
6536
6536
6538
6538
6538
6539
6539
6539
6540
6541
6541
6543
6543
6543
6544
6544
6545
6546
6547
6548
6549
6549
6549
6551
6553
6556
6557
6558
6560
6561
6561
6562
6566
6566
6566
6569
6572
6573
6576
6576
6579
6580
6581
6581
6583
6585
6586
6586
6587
6589
6591
6591
6592
6593
6594
6594
6597
6598
6598
6599
6600
6601
6604
6604
6604
6604
6607
6610
6610
6610
6612
6614
6615
6615
6616
6616
6616
6618
6620
6621
6622
6625
6627
6627
6631
6631
6632
6632
6633
6636
6638
6638
6640
6641
6643
6645
6646
6646
6647
6647
6647
6650
6650
6651
6652
6652
6653
6655
6658
6658
6659
6662
6663
6664
6669
6670
6670
6672
6674
6675
6676
6676
6676
6680
6681
6682
6682
6682
6683
6683
6683
6684
6684
6686
6687
6687
6688
6688
6689
6689
6689
6690
6691
6692
6692
6692
6693
6693
6694
6695
6697
6699
6700
6701
6701
6702
6704
6708
6708
6708
6708
6710
6710
6711
6715
6715
6715
6715
6716
6716
6718
6719
6720
6720
6721
6722
6722
6722
6723
6726
6726
6726
6727
6728
6729
6730
6730
6732
6733
6734
6734
6735
6736
6738
6738
6739
6739
6741
6741
6741
6741
6746
6748
6750
6751
6752
6752
6752
6754
6755
6758
6758
6758
6760
6761
6762
6763
6764
6764
6764
6768
6768
6768
6769
6773
6774
6778
6778
6778
6779
6779
6779
6779
6780
6783
6785
6785
6786
6786
6787
6787
6788
6789
6794
6799
6799
6799
6800
6800
6801
6803
6805
6807
6808
6809
6813
6814
6816
6818
6822
6822
6823
6823
6823
6824
6824
6826
6827
6830
6830
6831
6832
6835
6835
6836
6837
6839
6841
6842
6847
6848
6848
6848
6849
6849
6851
6851
6852
6853
6854
6854
6855
6855
6855
6856
6857
6858
6858
6859
6860
6860
6861
6863
6863
6864
6864
6865
6866
6867
6868
6868
6868
6869
6869
6869
6870
6873
6873
6874
6874
6875
6876
6883
6883
6885
6888
6888
6890
6890
6892
6892
6894
6895
6896
6899
6903
6903
6904
6906
6906
6908
6909
6910
6910
6911
6913
6916
6916
6917
6917
6918
6918
6921
6922
6923
6924
6925
6928
6930
6931
6933
6934
6936
6936
6937
6939
6939
6939
6940
6942
6943
6946
6947
6947
6949
6950
6952
6953
6953
6955
6958
6958
6958
6960
6963
6963
6965
6969
6969
6971
6972
6972
6973
6973
6974
6977
6978
6979
6980
6981
6981
6982
6982
6984
6984
6984
6984
6988
6990
6992
6994
6994
6994
6997
6998
6998
7000
7003
7005
7005
7006
7007
7009
7009
7010
7012
7012
7012
7014
7014
7015
7024
7024
7024
7024
7025
7026
7026
7027
7028
7033
7036
7037
7037
7039
7041
7042
7042
7042
7043
7043
7045
7047
7049
7049
7050
7053
7053
7055
7056
7056
7057
7057
7058
7059
7060
7061
7062
7062
7064
7064
7065
7065
7067
7067
7068
7070
7070
7071
7071
7075
7075
7077
7078
7083
7083
7083
7084
7085
7086
7086
7087
7089
7090
7091
7092
7092
7094
7096
7108
7109
7110
7110
7111
7113
7114
7114
7116
7118
7118
7119
7121
7122
7124
7125
7126
7130
7131
7132
7134
7137
7140
7140
7140
7140
7141
7141
7141
7144
7145
7145
7148
7148
7149
7149
7149
7150
7150
7151
7151
7153
7156
7157
7158
7160
7161
7162
7164
7165
7167
7168
7171
7171
7172
7172
7173
7174
7174
7175
7176
7178
7178
7179
7179
7180
7184
7185
7187
7187
7188
7188
7189
7190
7193
7193
7193
7193
7193
7195
7199
7202
7203
7204
7204
7207
7207
7207
7209
7210
7210
7211
7212
7212
7213
7214
7216
7217
7218
7218
7220
7220
7221
7222
7222
7222
7223
7225
7225
7226
7226
7229
7231
7233
7233
7233
7234
7236
7237
7240
7241
7241
7242
7244
7246
7246
7247
7252
7252
7253
7253
7253
7254
7255
7255
7256
7259
7260
7260
7263
7263
7264
7265
7265
7266
7266
7267
7267
7269
7270
7271
7272
7272
7273
7273
7276
7276
7279
7280
7280
7280
7282
7284
7285
7285
7286
7289
7293
7293
7296
7297
7298
7298
7298
7299
7300
7300
7302
7303
7303
7303
7305
7306
7309
7310
7311
7311
7312
7313
7314
7316
7319
7320
7322
7322
7322
7325
7327
7328
7330
7332
7332
7332
7332
7332
7335
7336
7339
7340
7340
7341
7345
7346
7346
7348
7349
7349
7350
7350
7352
7356
7356
7358
7360
7363
7364
7365
7365
7366
7367
7368
7369
7369
7371
7372
7374
7375
7375
7377
7378
7379
7380
7380
7380
7382
7382
7383
7383
7383
7386
7387
7391
7393
7393
7393
7393
7396
7396
7396
7397
7399
7399
7400
7402
7406
7406
7407
7407
7410
7410
7411
7416
7417
7417
7418
7419
7421
7421
7421
7424
7425
7427
7428
7433
7434
7434
7438
7438
7438
7438
7439
7440
7440
7441
7441
7444
7444
7447
7448
7450
7451
7451
7451
7452
7453
7453
7454
7454
7454
7455
7456
7457
7459
7461
7462
7462
7463
7464
7464
7465
7465
7466
7467
7471
7471
7472
7474
7474
7474
7474
7475
7475
7476
7478
7479
7483
7486
7488
7489
7491
7491
7493
7493
7493
7495
7495
7496
7496
7496
7497
7497
7499
7499
7500
7502
7503
7504
7504
7504
7505
7506
7506
7506
7509
7510
7510
7510
7511
7511
7512
7512
7516
7518
7519
7520
7520
7521
7522
7522
7523
7523
7524
7526
7527
7528
7528
7528
7530
7530
7533
7533
7534
7535
7535
7536
7536
7537
7538
7538
7539
7540
7540
7541
7541
7544
7545
7545
7545
7545
7546
7546
7547
7547
7548
7548
7549
7550
7553
7555
7556
7560
7560
7562
7562
7565
7565
7565
7568
7568
7569
7573
7574
7576
7577
7577
7577
7577
7577
7579
7580
7580
7582
7584
7587
7587
7587
7588
7589
7591
7592
7592
7593
7593
7595
7598
7599
7600
7602
7602
7603
7606
7607
7607
7607
7609
7611
7613
7614
7615
7616
7617
7618
7620
7625
7628
7635
7636
7637
7640
7642
7642
7643
7643
7643
7643
7644
7644
7646
7647
7650
7650
7651
7651
7652
7653
7653
7653
7654
7654
7655
7656
7657
7659
7662
7666
7667
7667
7668
7668
7669
7669
7670
7670
7670
7674
7674
7675
7675
7676
7677
7677
7677
7677
7677
7679
7680
7680
7686
7687
7687
7688
7688
7690
7690
7691
7693
7694
7697
7699
7700
7702
7703
7704
7704
7705
7706
7709
7711
7711
7712
7713
7715
7718
7718
7719
7721
7721
7723
7724
7725
7726
7730
7732
7734
7735
7736
7736
7738
7739
7740
7741
7742
7742
7742
7742
7746
7747
7747
7747
7750
7752
7754
7754
7754
7756
7757
7757
7760
7761
7761
7762
7764
7766
7766
7766
7766
7769
7770
7771
7771
7772
7773
7773
7776
7779
7779
7780
7784
7784
7784
7785
7785
7786
7786
7786
7787
7788
7790
7790
7791
7792
7793
7795
7795
7795
7796
7798
7799
7800
7800
7802
7802
7806
7810
7813
7814
7814
7815
7816
7820
7820
7822
7824
7825
7826
7826
7829
7829
7831
7832
7834
7835
7835
7835
7836
7837
7837
7838
7839
7840
7840
7840
7841
7841
7842
7842
7843
7843
7844
7845
7846
7848
7850
7850
7850
7851
7851
7852
7855
7856
7857
7858
7858
7859
7860
7860
7863
7863
7863
7864
7867
7868
7870
7871
7871
7872
7872
7873
7873
7875
7876
7877
7877
7877
7881
7882
7884
7884
7886
7888
7890
7891
7893
7893
7896
7899
7901
7904
7906
7906
7907
7908
7909
7909
7910
7912
7914
7919
7922
7922
7923
7925
7925
7925
7927
7929
7930
7933
7934
7935
7935
7935
7936
7937
7939
7939
7939
7941
7942
7942
7944
7944
7945
7946
7947
7948
7948
7951
7952
7955
7955
7955
7956
7959
7960
7960
7961
7963
7964
7966
7970
7973
7974
7978
7978
7981
7986
7986
7986
7986
7987
7987
7988
7989
7989
7992
7994
7996
7999
8000
8000
8001
8001
8001
8002
8006
8007
8010
8010
8010
8011
8012
8015
8016
8017
8017
8017
8018
8019
8020
8021
8022
8025
8028
8030
8030
8030
8031
8032
8035
8036
8037
8038
8039
8039
8040
8043
8044
8046
8047
8047
8048
8048
8050
8051
8052
8054
8056
8057
8060
8060
8061
8061
8062
8063
8066
8068
8068
8069
8070
8071
8073
8074
8078
8078
8080
8081
8083
8083
8085
8088
8088
8090
8091
8092
8093
8093
8093
8095
8096
8097
8098
8098
8099
8100
8100
8100
8102
8102
8103
8105
8107
8107
8108
8111
8111
8115
8115
8116
8116
8116
8117
8118
8118
8119
8119
8120
8120
8121
8123
8123
8124
8125
8125
8125
8128
8130
8130
8130
8131
8132
8133
8133
8134
8135
8136
8137
8137
8138
8140
8141
8142
8146
8148
8150
8150
8150
8151
8153
8154
8156
8156
8156
8156
8158
8160
8161
8162
8162
8162
8162
8163
8168
8168
8168
8169
8169
8170
8173
8175
8175
8181
8181
8184
8184
8185
8185
8185
8186
8187
8189
8189
8189
8190
8190
8192
8192
8193
8193
8195
8196
8197
8198
8198
8199
8200
8200
8203
8205
8207
8210
8211
8213
8213
8213
8214
8215
8219
8220
8221
8221
8224
8227
8227
8228
8230
8231
8232
8233
8234
8234
8236
8236
8237
8237
8238
8240
8240
8240
8240
8241
8241
8242
8243
8243
8243
8250
8250
8252
8255
8257
8261
8261
8261
8264
8266
8268
8268
8271
8271
8271
8272
8272
8275
8276
8276
8276
8276
8278
8278
8278
8279
8280
8280
8281
8281
8282
8283
8286
8286
8287
8287
8289
8289
8289
8292
8292
8292
8294
8296
8297
8297
8298
8302
8305
8308
8309
8311
8311
8312
8312
8313
8313
8314
8315
8316
8318
8318
8318
8319
8322
8323
8324
8324
8326
8327
8327
8331
8332
8336
8339
8339
8341
8342
8342
8344
8346
8347
8347
8348
8350
8351
8353
8353
8354
8355
8356
8356
8356
8357
8358
8359
8361
8361
8362
8362
8364
8367
8368
8368
8369
8373
8374
8378
8380
8380
8380
8380
8381
8381
8383
8384
8384
8385
8388
8389
8390
8391
8392
8393
8393
8393
8393
8394
8395
8396
8398
8400
8401
8401
8404
8404
8404
8409
8409
8411
8413
8414
8414
8414
8415
8416
8416
8418
8419
8419
8421
8421
8423
8423
8424
8425
8425
8426
8427
8427
8428
8428
8429
8430
8431
8431
8432
8432
8434
8435
8435
8438
8439
8440
8441
8442
8442
8443
8443
8444
8446
8446
8446
8447
8447
8448
8453
8453
8453
8453
8455
8456
8456
8458
8463
8466
8466
8467
8468
8472
8472
8473
8474
8475
8475
8475
8476
8476
8478
8480
8480
8480
8481
8481
8481
8483
8484
8485
8485
8487
8490
8491
8492
8493
8493
8495
8497
8500
8501
8502
8502
8503
8503
8505
8509
8514
8516
8518
8519
8525
8526
8528
8529
8529
8529
8529
8530
8530
8531
8531
8532
8538
8539
8540
8540
8541
8541
8543
8544
8545
8546
8548
8549
8551
8553
8553
8554
8554
8555
8559
8559
8560
8560
8561
8562
8563
8564
8565
8565
8565
8566
8567
8568
8569
8571
8573
8573
8574
8574
8574
8575
8576
8576
8577
8578
8580
8580
8581
8583
8583
8584
8584
8584
8585
8585
8586
8587
8588
8588
8588
8589
8589
8590
8590
8590
8590
8591
8591
8592
8592
8593
8593
8593
8595
8596
8598
8598
8599
8600
8601
8601
8601
8603
8605
8605
8607
8610
8612
8612
8613
8615
8616
8616
8618
8621
8621
8622
8622
8624
8624
8625
8626
8627
8628
8629
8630
8630
8632
8633
8634
8634
8635
8636
8637
8637
8638
8639
8639
8641
8641
8642
8642
8644
8646
8647
8647
8649
8649
8650
8651
8651
8653
8655
8657
8657
8658
8658
8660
8660
8661
8662
8662
8662
8663
8665
8668
8668
8669
8672
8674
8676
8677
8677
8678
8679
8680
8682
8683
8685
8685
8689
8692
8693
8693
8694
8695
8696
8698
8698
8700
8701
8702
8702
8705
8706
8708
8708
8709
8712
8713
8714
8714
8715
8716
8717
8717
8717
8720
8721
8722
8725
8726
8727
8727
8730
8732
8733
8735
8737
8738
8738
8738
8738
8744
8744
8746
8746
8748
8748
8749
8750
8752
8753
8754
8754
8756
8762
8762
8763
8763
8763
8764
8764
8765
8767
8769
8772
8773
8774
8775
8775
8777
8778
8779
8782
8782
8782
8784
8785
8788
8788
8789
8790
8790
8790
8790
8792
8792
8793
8793
8795
8796
8800
8800
8801
8802
8802
8805
8805
8808
8809
8809
8810
8813
8814
8816
8818
8818
8819
8820
8820
8821
8821
8822
8822
8824
8824
8826
8827
8827
8828
8830
8831
8832
8835
8835
8836
8838
8838
8839
8840
8841
8846
8847
8848
8850
8850
8851
8852
8854
8855
8856
8856
8859
8861
8861
8862
8863
8864
8865
8865
8866
8866
8867
8869
8871
8872
8872
8874
8875
8876
8876
8878
8880
8883
8884
8885
8885
8885
8888
8889
8892
8894
8895
8895
8895
8896
8896
8897
8897
8899
8899
8900
8904
8905
8906
8907
8908
8909
8909
8909
8910
8910
8912
8913
8915
8915
8917
8917
8918
8919
8920
8920
8920
8921
8922
8922
8923
8924
8924
8925
8926
8930
8931
8931
8932
8933
8933
8933
8935
8935
8935
8938
8941
8942
8944
8945
8948
8948
8954
8954
8955
8955
8956
8956
8956
8956
8957
8958
8959
8960
8960
8960
8962
8962
8963
8966
8966
8968
8969
8970
8971
8971
8971
8972
8973
8974
8976
8976
8977
8978
8981
8981
8981
8982
8987
8987
8989
8990
8991
8991
8991
8995
8995
8996
8996
8999
9000
9001
9002
9003
9004
9005
9007
9007
9007
9011
9012
9012
9013
9014
9017
9020
9021
9022
9026
9026
9026
9028
9028
9028
9030
9031
9032
9033
9034
9035
9035
9037
9038
9040
9042
9043
9049
9050
9050
9053
9056
9056
9058
9058
9059
9059
9061
9062
9063
9064
9065
9065
9067
9067
9069
9069
9072
9074
9074
9076
9076
9077
9078
9079
9079
9080
9081
9083
9084
9084
9086
9087
9087
9090
9095
9096
9097
9097
9097
9100
9101
9102
9102
9103
9103
9105
9108
9109
9112
9112
9113
9115
9115
9116
9116
9117
9118
9118
9118
9118
9118
9119
9121
9122
9123
9124
9126
9131
9131
9131
9133
9137
9139
9140
9141
9141
9141
9142
9144
9144
9151
9151
9152
9153
9155
9155
9156
9157
9157
9159
9160
9161
9166
9166
9167
9169
9171
9172
9174
9174
9174
9175
9175
9176
9178
9179
9179
9179
9180
9182
9183
9183
9183
9184
9185
9186
9188
9190
9192
9195
9195
9196
9197
9198
9201
9202
9202
9202
9202
9206
9207
9208
9208
9209
9211
9211
9211
9212
9213
9217
9217
9218
9220
9221
9221
9223
9223
9225
9225
9227
9230
9231
9233
9233
9233
9235
9237
9239
9240
9241
9242
9244
9244
9244
9246
9248
9249
9249
9252
9253
9258
9258
9259
9260
9260
9260
9261
9262
9262
9264
9267
9270
9270
9271
9272
9273
9273
9276
9276
9277
9277
9279
9280
9282
9283
9284
9284
9286
9287
9290
9293
9295
9296
9297
9300
9301
9301
9301
9303
9304
9305
9306
9307
9307
9308
9308
9309
9309
9313
9316
9316
9318
9321
9322
9323
9325
9327
9327
9327
9329
9329
9330
9332
9334
9339
9339
9341
9342
9343
9343
9344
9344
9345
9349
9349
9350
9350
9352
9353
9353
9353
9353
9354
9354
9356
9358
9358
9359
9360
9360
9362
9363
9363
9364
9366
9368
9369
9370
9371
9372
9375
9375
9376
9377
9378
9378
9378
9379
9384
9386
9387
9387
9389
9391
9392
9393
9394
9395
9396
9396
9396
9396
9398
9399
9400
9403
9406
9406
9407
9410
9411
9413
9413
9415
9416
9416
9417
9419
9420
9420
9420
9421
9421
9422
9424
9425
9426
9426
9426
9426
9427
9428
9430
9433
9434
9434
9434
9434
9438
9439
9440
9443
9443
9444
9444
9445
9446
9446
9448
9451
9452
9453
9453
9454
9454
9454
9456
9458
9458
9460
9461
9462
9462
9465
9465
9466
9466
9466
9467
9467
9467
9468
9469
9471
9472
9473
9476
9478
9479
9479
9479
9481
9481
9486
9486
9486
9486
9487
9487
9488
9488
9488
9491
9492
9492
9494
9495
9496
9499
9501
9501
9502
9502
9503
9504
9505
9506
9507
9508
9508
9508
9510
9511
9511
9512
9515
9515
9516
9516
9516
9517
9521
9523
9523
9524
9524
9525
9525
9526
9527
9530
9531
9531
9532
9533
9533
9533
9534
9534
9538
9539
9539
9539
9542
9545
9546
9546
9547
9547
9547
9549
9552
9553
9556
9556
9556
9557
9558
9558
9558
9560
9561
9562
9562
9563
9563
9563
9563
9564
9565
9567
9570
9572
9572
9574
9581
9583
9584
9584
9586
9589
9589
9590
9591
9592
9592
9594
9595
9596
9597
9599
9599
9599
9600
9602
9603
9604
9605
9607
9610
9611
9612
9613
9614
9615
9615
9616
9617
9618
9618
9619
9621
9621
9624
9624
9624
9624
9625
9626
9627
9628
9629
9629
9632
9632
9634
9637
9639
9639
9639
9639
9640
9643
9644
9646
9647
9647
9647
9648
9649
9651
9651
9652
9653
9655
9656
9657
9658
9659
9660
9660
9662
9662
9664
9665
9667
9668
9669
9671
9671
9674
9676
9678
9679
9681
9682
9683
9684
9684
9684
9684
9685
9686
9688
9691
9696
9696
9699
9699
9702
9703
9703
9705
9705
9706
9707
9709
9709
9710
9711
9712
9713
9713
9713
9713
9714
9717
9718
9718
9719
9719
9720
9721
9722
9723
9724
9725
9726
9727
9728
9729
9729
9730
9731
9731
9732
9732
9733
9734
9734
9736
9737
9739
9741
9742
9743
9744
9744
9746
9746
9747
9748
9750
9750
9751
9751
9752
9752
9753
9754
9757
9757
9757
9759
9760
9761
9761
9763
9765
9766
9766
9768
9771
9771
9772
9772
9773
9774
9775
9776
9778
9779
9782
9782
9784
9784
9785
9785
9785
9787
9787
9787
9789
9789
9789
9791
9792
9793
9794
9794
9794
9795
9795
9796
9798
9801
9802
9802
9803
9803
9804
9806
9808
9808
9808
9809
9812
9815
9816
9816
9816
9817
9817
9818
9819
9820
9821
9821
9821
9822
9823
9824
9824
9824
9826
9827
9827
9827
9828
9828
9829
9831
9834
9834
9834
9836
9840
9841
9841
9842
9842
9844
9845
9846
9846
9846
9847
9849
9849
9849
9851
9854
9855
9855
9856
9857
9857
9858
9859
9861
9862
9862
9862
9863
9863
9864
9864
9867
9868
9872
9873
9876
9877
9877
9878
9880
9882
9883
9884
9884
9885
9885
9885
9887
9887
9887
9888
9889
9890
9891
9893
9893
9896
9896
9899
9901
9902
9904
9906
9908
9909
9910
9913
9913
9913
9914
9914
9915
9916
9916
9919
9920
9921
9926
9926
9928
9928
9929
9932
9932
9932
9933
9936
9937
9939
9939
9940
9940
9941
9941
9942
9944
9944
9944
9945
9946
9946
9947
9948
9948
9948
9949
9950
9950
9951
9951
9952
9952
9953
9953
9954
9954
9956
9956
9957
9957
9958
9960
9967
9967
9968
9970
9970
9970
9973
9973
9974
9974
9974
9975
9978
9979
9984
9984
9985
9987
9990
9991
9992
9993
9995
9995
9996
9996
9996
9997
9999
9999
10000
