701
1261
2324
7094
3948
3930
9857
2795
5342
4531
4134
1667
5184
7890
4799
6333
3139
9858
147
2146
7471
316
6124
3942
5080
3317
6088
2269
6863
2325
3711
5216
9773
5835
4454
4864
6860
415
6468
9754
5446
3352
4035
3740
7026
2287
2713
1719
6267
6612
6072
9221
404
1232
1490
8493
4234
2283
1969
2692
2024
5054
8373
4502
5377
4331
4879
326
1737
2044
8367
5298
916
1642
3913
4123
3684
2559
2045
4035
4429
1421
1143
1064
2859
8720
5572
6512
4582
98
166
2965
8933
6958
2265
307
3265
455
5143
1503
6539
361
3577
3547
3121
7328
2016
5191
2829
9416
8851
2234
30
789
8505
1522
4875
5316
3417
4440
4997
5570
5216
439
956
587
5923
4750
2501
3509
1062
9140
6155
6127
8012
492
1204
7332
9167
4809
3525
20
7075
7140
488
1284
3878
6540
6188
5
3499
588
430
339
391
723
1159
7711
9467
128
9926
5631
7187
7773
2400
9316
4398
5070
389
5245
1088
9097
69
746
1316
6984
7602
5075
3414
2013
695
3753
6640
8981
6377
1645
7699
8753
2302
9313
904
7841
5692
9020
6807
2961
6786
9122
8888
5320
909
1954
3305
7966
8148
1649
2991
1871
5412
2696
7536
398
7523
3978
3249
7211
3343
1257
651
9415
2999
2825
595
2232
3261
1476
4714
4056
7754
1183
7218
6691
7378
1181
83
5121
3146
3075
4172
2080
1271
1980
2638
5174
1656
4542
4389
8581
3447
381
1496
6928
2636
4894
9556
2285
9411
6399
4436
8668
5135
357
244
4807
1119
2245
8885
9753
7375
743
6515
8068
1378
6360
6614
846
3311
1295
6246
8268
9354
6450
1218
3762
1988
4154
5619
6089
1461
7253
8236
2658
1225
714
3941
4395
601
7298
4217
4847
76
2357
9564
3858
4173
2098
8865
7406
6863
9300
4586
6087
1502
801
2305
646
3224
148
7272
7444
44
3102
7116
8453
8017
8312
2175
5895
9306
1324
6549
7179
184
3141
5215
1955
9713
8292
4759
4173
3616
7300
3067
2031
3645
4833
3213
4867
9279
9940
2586
9253
3566
3074
3578
3963
6126
118
5624
3316
1257
2139
7858
9012
8028
3695
6019
1199
293
9637
3935
5955
4571
6025
463
5195
5614
8313
9438
9202
6177
8738
7522
4597
9286
7433
1631
3660
1400
2316
8393
6378
3790
3159
8856
3634
3631
9371
8577
6141
2593
3660
2003
8585
2119
5418
671
388
5018
2771
4139
218
7942
9270
5928
8427
2233
971
1251
273
3848
8610
6937
9440
322
633
8991
894
9481
7505
5681
7669
8302
7955
6073
8919
6652
9103
2706
8754
5544
9174
5821
8276
7223
7945
8468
5872
753
6848
6686
4785
404
848
7298
5967
2044
3639
6447
8896
6690
3578
6939
6849
6883
8481
1994
373
1650
2688
2402
1612
1424
4714
7884
3688
1899
385
3694
3932
3733
8289
5383
1974
4935
5630
3402
2366
3461
4090
3679
1231
8835
3356
9846
2150
9416
1262
4350
9081
1362
997
1781
459
4667
6022
3536
1629
8474
4199
813
9782
8909
9652
9063
7637
8230
6004
9834
9686
2387
9499
9112
820
6419
3520
4252
6687
1989
7922
1996
7742
5891
5302
9684
3126
8896
1492
9185
2763
8685
7908
5851
9702
9026
7059
950
8601
779
8698
5226
847
9952
7440
2674
8839
6874
2735
659
8210
9539
2917
4222
4538
574
6092
2839
390
9975
651
8278
475
8427
2014
2718
5686
139
532
4700
2711
7229
7960
1634
1712
5060
1091
3029
4719
1793
3343
6388
1879
2009
3535
2890
6982
2137
3069
3094
434
2616
7555
4696
3013
4988
1775
7679
8827
1616
7393
6545
3306
1924
1718
7930
17
2693
6458
7577
1684
2463
9674
6647
7495
8192
9896
297
8073
2542
5154
4648
7779
2076
165
9360
1344
3657
589
7653
4864
6138
561
3149
5816
3369
4349
6409
5372
8381
2383
2453
8447
2636
8038
4531
2266
1887
4952
7475
9067
9605
2180
9591
5424
4154
6503
9155
7461
1113
9378
6378
2474
9696
8555
5447
8393
2531
2211
6185
326
964
6073
835
5816
9153
2893
2722
807
5742
23
2496
5014
9141
4265
2361
2706
731
1890
2476
7148
8196
9973
1012
9444
3290
7193
344
214
9002
5346
7024
2074
9824
2032
6329
1782
2389
1750
1786
6839
181
3726
6632
7520
5590
2442
9751
9137
8693
14
3682
4444
8211
3421
2764
3732
6768
658
6248
4247
7607
1312
1047
2446
7659
363
9584
9202
8576
4729
4644
9793
1709
3043
5426
913
8624
6960
9208
1636
6546
164
6940
9949
8621
8292
6266
5170
3291
5966
3071
1715
97
8583
2725
5146
476
4004
1679
883
3642
2237
4872
5438
4605
2255
391
546
6539
7282
7766
6228
5034
1690
1315
4216
6586
1297
8502
6536
3795
2965
6692
403
6848
2078
1652
6823
2060
8722
3504
3426
5980
5596
94
5253
6461
9547
1775
1098
2864
2087
343
1880
6515
6778
8447
9893
6195
8364
8808
9707
2526
4335
7265
814
6237
4236
842
5997
5041
8653
1913
7222
2606
877
4125
7055
950
2093
9634
9970
2519
6505
6981
2201
8359
5978
408
5115
2926
2941
4407
1205
4278
8356
8140
13
5263
5643
4592
8595
7062
5230
2499
920
5766
600
4831
8835
2287
3743
8920
5586
118
7647
7302
2670
1246
7140
9077
1811
7493
6620
7644
3262
2690
3372
2478
3319
3390
4402
622
5185
4608
5483
6822
9728
9102
966
6266
8763
2464
5640
1624
5697
7207
6305
1587
8944
4702
3711
1232
7396
4768
2977
7680
7214
6410
6095
1103
2613
7010
2297
9004
3745
1945
9277
3482
8805
8717
157
3767
4108
6786
1760
4011
776
2257
5255
9699
4087
3265
7506
1759
5847
3782
7573
9864
6267
7399
7766
1878
9727
6676
328
4929
6888
3880
4844
9815
2640
9339
8342
1629
9552
2172
8910
5545
2318
669
3721
9392
266
4782
2103
7675
9396
6031
9646
6367
9344
6464
3527
1405
1356
2635
3175
5943
4641
6837
4945
6356
3976
3697
9369
5430
9951
2246
5036
4426
8380
7538
2911
3536
2594
414
517
5804
4066
7171
7653
7244
1699
6653
8587
7786
1381
2064
5806
244
1666
9481
3474
682
2118
3142
6303
6936
2032
7784
9841
5894
2506
2120
7713
124
5286
4632
1988
1705
1369
9787
2035
7670
4301
9863
5451
2326
3009
3530
1333
81
35
3787
4393
3570
3553
1490
1422
4733
9932
9035
6933
5620
2031
599
2231
6732
5503
2452
2428
9676
9378
622
6910
2406
4453
5765
7757
601
473
6369
2084
3894
6461
579
4492
65
2402
9486
6224
2523
2427
630
7216
3550
5315
6088
2553
1592
5044
9434
7813
2747
1653
4420
8384
6868
2404
2879
9211
2459
6260
237
2372
9706
2296
5690
8933
6722
2737
6497
8651
7434
5700
6674
4426
3898
1744
4162
1216
2519
4814
9987
1415
2687
1081
1782
9007
8824
273
7502
6348
5411
3883
8327
8491
663
6299
1031
7402
524
2421
2659
5865
7876
575
2885
668
1313
8955
1789
9970
7987
1428
758
411
2768
503
3003
549
1161
357
6473
1303
9547
7877
6918
2114
9491
4639
1826
725
1030
7574
6733
4240
8448
5286
5530
8108
250
8383
2866
4249
8818
7839
12
3735
7766
2087
843
3993
1888
6823
9944
1814
5385
3804
290
738
5111
8123
8308
9789
8233
3646
4406
9370
565
2702
1414
4515
2831
2481
3752
4235
5421
2711
1019
4228
8424
6256
2223
4002
4134
8480
1380
144
4950
1013
1348
1697
491
2200
2324
8314
861
8802
1062
526
6300
5874
7891
4953
982
1964
4967
6562
8859
1043
3133
2027
6992
4458
5453
2762
609
4312
324
2461
7306
1578
8227
8153
6487
9725
730
8388
4682
5005
1782
1732
7309
4183
5624
8391
2601
8566
3960
1540
2550
780
1786
2866
4452
9166
6848
3368
4681
710
8560
9461
9180
2435
7687
1409
1842
963
9230
2163
1431
2468
3037
692
3136
2728
1357
8323
4318
583
5106
9771
7796
4505
1880
5315
3293
3876
1341
8132
2072
3170
9488
2976
7110
7703
1721
1984
7654
818
5769
9087
1581
738
995
9862
1212
8475
9611
3847
4269
9032
9709
4462
5487
9443
5473
772
7506
339
3566
1350
6388
7366
4285
2134
830
8063
3712
2384
7369
6065
2674
5280
4341
9309
1520
9842
3018
3032
5449
9658
2096
1489
6002
1877
4397
4689
4093
6239
1517
4100
7850
998
823
6375
7438
4431
4349
7987
9508
8792
5092
3657
4514
8622
3189
4237
4637
5984
3459
8184
5551
3283
637
9321
1912
3656
8423
5052
3650
1547
2324
4494
2682
2572
3687
5152
1212
7427
7643
7434
3581
2144
1742
721
4703
5361
4805
5372
7297
5624
2556
4819
6069
2316
7006
3849
2295
4494
1044
4444
9530
3823
4593
6346
3476
4177
1181
6055
2253
4283
2191
156
1172
7056
8897
722
4435
4578
2911
8047
6149
9778
2688
6768
4772
5484
9817
5720
8935
1697
9166
1416
1500
4101
26
5504
5346
9739
4624
1620
1147
8221
979
930
7840
7360
483
67
8214
951
7193
8625
4767
5911
5814
2504
7204
6043
3655
9375
5009
5625
6507
7465
8801
708
1831
4375
332
1331
7690
3488
1166
8066
5725
5556
2682
6104
8318
7037
1087
9225
3309
23
8121
3469
85
2370
4987
5617
4607
9206
8924
4780
7444
422
5056
4804
3650
855
4633
242
6401
6243
9516
8243
1350
857
649
2784
1032
7320
9718
6977
3953
7884
9179
1118
4934
4119
4755
8662
4731
1700
481
9651
3169
3832
1665
3149
6161
3866
6913
9742
7438
804
5023
3238
2582
1914
6389
1649
681
6779
7475
149
7790
9942
6763
3968
5985
2911
1987
2466
3121
6065
1942
7174
8298
342
5036
8103
1550
8885
4460
6785
7065
3804
9823
3141
7349
366
7014
7857
1675
382
2110
1983
2219
1117
2163
6349
8446
4081
5476
7149
4842
8070
2501
9037
9798
2777
5962
9322
2431
6883
2563
3073
2202
3746
3826
871
7850
574
8261
8553
772
507
9152
6854
3378
1194
9131
9035
9877
9301
6252
8431
926
1739
9974
609
1455
5832
7474
4830
1229
9849
2364
1224
3816
6543
258
2179
9487
6226
1097
7330
7086
2471
7441
3665
1673
7141
7273
2020
8493
420
9733
2096
3909
2119
7407
936
6011
1612
1453
2716
6335
3570
3010
1372
9069
7210
5655
2883
1930
6497
650
6994
383
5165
6359
2458
3481
789
4199
47
2096
9462
6343
2297
3366
5283
4778
9356
7491
2397
7553
9434
9343
4852
5034
4567
4703
9244
9863
2702
3588
4355
6209
2339
5552
5955
5836
7800
6682
3923
6140
3235
3604
322
9816
3248
9307
8327
6223
579
3342
9570
1512
8737
1651
5991
3134
1072
2583
9709
508
3116
7141
1026
9525
4603
4296
8545
4647
931
660
2118
1793
1994
6594
1537
7203
1998
3242
2138
5572
9607
598
4692
4074
2746
628
8612
5
3135
4157
8612
1293
6741
2932
1523
3742
8708
1745
9584
9345
2083
5230
7511
4013
3179
1457
9050
6093
8428
956
3092
3587
2351
4177
6730
365
6411
2378
9827
1432
9452
7064
602
6467
6257
6650
9121
4469
1557
2609
4824
7025
5392
2786
7726
5352
4558
6475
8982
7391
785
4201
4126
2420
1170
1353
3757
4987
4750
8973
7771
1198
5167
5762
4966
3588
7176
8880
882
1473
2037
6721
2960
8095
2290
8918
8642
5290
1419
5046
3789
5314
7380
6232
3664
2221
8714
7284
6788
1388
8378
9525
1605
4479
176
7057
8401
763
610
12
4894
4218
2718
9033
4560
9043
2577
5187
2699
236
2730
5691
1638
4622
6591
3507
3921
1768
3006
6715
8712
6326
742
1881
4280
8915
2519
8414
2242
2173
503
6407
4734
3560
5383
2385
7602
1366
6118
193
3362
757
3908
2050
2570
3385
7929
5056
906
9532
6822
2277
2593
4339
892
4322
7005
3539
524
2417
8002
7012
864
3160
3306
8356
3800
6432
1931
8175
5607
1271
2351
7118
5119
115
1264
221
5433
4808
3346
914
9386
4492
598
6042
7939
472
2012
9846
3432
8466
6296
6087
6835
6873
6233
549
2649
7024
342
4822
2109
6191
2409
9277
2980
998
7041
4289
7049
9267
2066
8240
1906
694
7840
9828
9363
6083
2556
725
2465
6616
5149
2446
857
2880
2931
2852
4130
4055
7497
5508
1217
5295
7305
1356
7788
930
2164
6366
5248
8137
7842
3537
6502
1644
1302
168
9940
2251
8453
1526
9760
4812
5529
7986
8203
790
9378
3832
1355
8078
2700
2208
2425
9360
1830
1635
1821
4032
770
6699
8102
7089
777
2986
5583
4918
5377
4846
46
503
9473
8995
4974
7814
4739
5146
9743
7875
4267
57
9421
1997
5432
5746
2527
3434
1801
3625
6576
1240
8866
4384
9283
1604
3695
2469
6931
8748
1864
9422
8425
3872
1941
5108
4209
1038
3028
9678
1951
6751
2857
3951
2638
3835
7045
1955
1145
1300
9594
2229
2766
9682
2637
1829
5295
363
1517
4793
5851
949
1668
1
1117
4126
8748
3231
19
2252
5283
5111
4130
4929
8658
5939
4535
6738
3530
2746
3505
5480
4768
9282
2014
534
8443
1987
5475
8011
1883
4158
1328
2763
1404
7070
6994
73
5500
6430
4171
1576
5497
1052
2879
2498
3438
5068
9553
6200
6592
575
430
9996
4516
6309
8999
2859
6211
8353
1989
9007
688
9997
7096
6708
9561
7822
6064
8185
1597
1928
4880
9785
6142
421
3168
9979
8294
2850
2418
8374
1502
1211
39
7609
3213
1768
1011
3610
7118
7736
2606
1006
5925
5901
5036
1497
3731
1063
96
1974
7464
6646
2348
7240
3257
6682
8332
2162
4274
4958
3236
8996
3709
3733
8822
7047
1795
8275
89
2091
3139
254
5159
399
5537
2390
1781
2657
9985
3379
7528
6455
1780
1663
454
9421
5826
1076
3467
2575
4521
3991
2397
8922
1604
2229
6098
4078
7760
908
3025
9958
7499
6573
3078
5083
4029
4145
5946
1910
7964
202
1330
2613
2555
3291
598
9696
7474
6458
4805
716
7668
5013
1207
1359
9916
5171
1251
7669
5786
8909
7523
9523
4221
669
2628
7226
4161
8309
9826
9486
5787
9202
7300
7400
514
6467
9556
3785
9233
7925
4178
5887
7834
4481
5721
2941
3549
3272
2033
1062
5417
5677
503
9914
5810
9828
5674
9428
5252
6186
9399
1811
5143
9669
2376
7576
7411
3053
4392
2527
4006
9420
714
2290
1236
8546
139
7114
4814
555
9028
3463
1686
7077
5333
3682
1106
9116
4143
8561
9343
8777
928
427
3431
5899
8020
3100
8790
148
5850
9115
2106
5431
9141
9467
6809
288
8948
5215
7896
2661
117
8353
5113
3131
2901
196
1892
2445
5562
5768
5033
1240
8821
3695
7156
8266
4066
2670
3987
6237
1122
7397
4020
3758
9787
4626
50
6947
7550
8163
4386
1933
4314
2412
5545
793
2239
2248
4592
8733
293
5394
1947
8434
2238
630
2998
460
5945
3716
7824
6738
6616
8037
9341
9978
277
9249
9175
996
560
304
6053
5099
700
6591
8319
9479
9899
3910
7504
2982
1527
519
5196
6604
1251
2602
2276
1176
6385
3479
8920
6762
725
5123
7837
2978
2137
6319
1727
762
4578
5564
3768
6663
8419
3348
5330
9996
578
8213
9097
3503
8056
4031
6453
10000
6220
6097
951
3495
6482
4095
4145
5581
8287
9558
6683
494
1424
4787
3507
2574
9884
225
8580
4442
7752
1105
3963
7312
3722
5007
9718
1921
5968
3714
8413
8725
5649
2724
5158
2736
7396
275
4164
2164
591
2904
4927
8039
2563
5110
1338
1383
1511
1221
8945
9563
3505
4255
2625
4395
764
9258
9885
2099
5255
2696
9261
8115
26
1979
138
4763
5887
9933
664
2406
910
6303
9026
6132
7272
9248
7533
4605
5401
2304
2422
8162
4392
9766
6285
2838
1281
3823
4758
2285
437
9000
3741
7667
1823
174
4074
9824
1547
6947
6357
9131
3426
8788
76
2445
8409
5129
6499
9352
2251
3420
9515
7992
3652
9501
2630
1160
5135
1142
6906
8503
1634
459
7620
1036
1657
4276
4255
7640
6800
5006
9445
2092
2613
1742
2116
1355
6125
2184
2597
8593
6437
8559
2602
4580
124
2366
8677
3113
336
7078
8001
7322
4566
873
9387
7111
430
3607
912
6778
2438
998
7454
5200
3854
7207
2755
1621
6171
1350
9515
6063
4320
9603
4232
3998
8250
8767
6930
1074
9643
1545
2658
8621
7785
2778
9625
3402
9960
8141
3382
6351
1013
547
3400
7599
1748
1269
8081
4243
2669
2300
6428
4122
8706
6318
8832
8398
5301
5081
916
7113
2263
7877
2901
2824
2676
2981
4407
7119
1277
1903
3945
8782
1750
3548
4092
7058
7345
8977
517
4606
4266
671
3536
2059
1621
8057
8231
477
8613
9188
7956
3001
3854
6227
7092
6436
685
4260
8060
7934
167
9572
6752
4271
1167
5866
4594
1040
3676
3891
8199
7565
7978
3610
7600
4393
4304
4827
8904
3474
6658
7704
3625
4663
4823
171
2069
3736
4398
8125
1473
4141
6092
950
596
1866
5849
4870
993
2241
2989
8531
2832
6824
3653
2532
8100
4268
4442
3454
4729
6710
2436
5981
60
4957
6490
101
8240
5084
925
7593
1022
9270
2198
3723
1676
8392
749
6662
3169
3677
3980
9465
1832
6631
6739
4820
3843
4525
1709
4184
6994
7280
4547
874
9349
9202
2159
4296
8958
1385
8516
4416
2410
8240
6380
9629
3601
3984
6418
6082
9260
4669
1793
3916
4486
4547
2748
3827
6358
4931
6688
4082
8861
5592
2727
744
5675
4111
4350
8926
4982
6854
5481
1849
1294
5668
5750
6594
7386
2090
7935
9476
1191
4856
3556
4229
7491
1443
24
2713
3733
7718
4715
868
895
5366
1240
7151
5942
6091
2031
9741
1713
3483
2966
4654
2657
3097
3868
9363
384
6702
4286
1922
6381
4647
2845
5101
4950
5968
5279
2302
5079
3742
3109
4614
3843
3635
9950
5927
6383
5710
3386
382
3655
2113
4946
8021
6972
1767
7973
3335
1195
2357
1750
2773
1572
3072
2452
3577
72
2848
5290
3226
7764
6324
7336
511
318
7974
4321
7175
5950
6000
8584
4073
1023
8591
996
9719
8502
1543
2827
728
9218
9671
6670
1813
3460
8862
1618
7364
1777
125
6895
9316
181
5711
380
3337
4811
6504
9882
8665
154
4154
5935
229
3138
4845
6294
5180
5304
287
4102
9948
2334
9802
9296
5866
3606
7670
4333
3749
5320
847
8071
5910
4514
9080
6135
4058
288
3423
527
739
9996
1523
6808
6779
9495
8884
3311
6875
921
4489
2220
684
1990
4456
4403
7724
754
2082
5502
7907
1670
6908
1323
9846
1202
7766
3250
7691
517
3477
218
4174
3036
4691
7948
612
4231
3722
119
6014
2690
5869
8518
1584
8115
1416
5135
1682
2975
4377
9246
7367
8130
750
3057
3933
1710
2801
9589
7140
4979
1954
5745
1250
5089
1635
849
8198
6122
1226
3158
2539
6203
4770
9084
9808
6972
9011
4700
3542
6598
3763
4435
7545
4948
8125
6979
5250
1293
4913
1160
3196
562
7452
6734
1287
5763
4490
6225
5594
1351
5497
3396
5131
843
6768
6454
1475
7770
3343
9139
5070
8974
841
855
673
4246
2559
6856
9615
696
8991
4260
6237
489
9117
1176
1268
7387
624
8466
2279
742
5025
5706
1206
9787
6063
9613
2291
8820
9366
2858
9539
8480
8674
3041
7942
5550
6430
4823
8810
4455
4082
8863
7293
929
4940
7126
7986
4385
1566
6718
7319
2528
537
9486
5220
8930
4856
9527
310
1379
9808
330
8956
4515
22
1976
9058
5796
9890
8618
6124
3665
4466
1395
4213
2689
5154
5474
1433
3900
235
3804
2128
9581
1609
2505
2061
729
1202
3614
8709
5807
708
1627
6835
7504
6269
9558
9915
6561
3633
504
6349
2143
3048
262
5501
6754
1606
9939
5873
6869
4783
4532
1547
2180
8362
2596
888
8663
8389
5736
1319
2639
1418
4118
2654
8895
1264
738
5994
1293
4437
9417
245
7496
7963
322
4781
443
8384
2609
1538
8019
7522
4622
4464
2478
1459
3189
6830
4469
1098
4511
6022
9820
4602
6305
2934
1159
1318
3076
662
9151
2389
3285
5612
8356
5971
5645
5260
1253
3961
100
164
4799
7693
81
423
8339
2108
550
2055
6443
9240
9466
6888
7165
701
6758
4627
560
8600
7188
6873
5631
2586
6708
3449
4381
9065
9521
804
9624
6279
164
4990
3984
1463
5063
6855
1194
366
9309
4699
2832
8583
4880
2039
1899
3466
4107
8957
3316
509
1834
5466
9175
8970
6046
3493
6249
627
8917
4859
2331
7668
6153
5225
607
9161
5704
777
8187
8528
8628
6098
6748
2895
5947
5785
5885
5497
890
1420
3272
8605
526
5168
4556
8800
8795
9752
5664
6508
2785
8762
6327
9928
3179
1581
724
6346
122
1558
2799
3274
3265
163
1257
105
5378
6487
1164
1634
8634
5175
1463
1376
7688
4292
5033
1569
2515
2202
8123
3945
4829
8968
3203
9242
258
6274
8646
9970
7350
6452
6990
757
9118
5703
3212
6764
9565
3160
4416
2798
2770
8727
2711
9775
5264
9038
2964
3927
367
2323
1842
9876
4129
1519
1960
4034
9239
7488
2478
3913
1172
3371
6287
1512
6610
6870
6032
193
1348
7174
1424
5989
1564
5476
1168
3377
6110
5189
2581
9225
8341
5866
4364
932
53
5877
6237
4344
9264
2142
1347
1752
4588
4277
1931
8315
4533
2712
5851
6335
5551
5015
3685
8749
575
5862
939
4223
7835
1955
3829
5199
2494
6249
8721
5138
113
8324
7083
2453
5079
6965
5406
3990
1511
1784
1497
2790
1743
2085
5365
830
3446
8292
1798
3632
6499
1829
5456
1279
1725
2590
5756
4594
19
9462
4507
5748
2109
258
186
9488
9794
3581
3062
5291
3371
861
1042
1570
2696
2580
2759
3478
5522
3733
9308
4805
560
1288
870
7675
5518
6543
4817
6233
2634
4698
6799
4645
9217
3735
8641
7121
3819
6190
3748
16
2514
7132
7421
2902
7448
4991
5545
6544
1481
3186
3326
6981
7886
3656
2662
9003
4468
7310
4877
6716
429
9884
4472
8938
2133
3165
7416
337
5928
9424
3456
2220
3266
269
5971
43
3351
4380
6722
3683
244
850
2213
9878
8133
4317
1799
2245
4745
1811
1671
1492
6323
4454
4652
4365
770
2538
1656
1895
2195
2186
3665
4583
1941
6136
1132
2328
6125
7316
7547
3784
1644
6047
664
2067
6558
5695
3042
9619
4499
3781
3880
1016
6067
9342
1027
1893
5950
6504
1145
635
9827
4885
9647
7786
2994
4644
287
6869
4322
6334
3067
4357
8567
3215
8016
5425
6783
646
9406
9197
5564
7614
9287
1824
1015
1453
6
6650
483
2061
3075
1478
3327
3898
2164
1132
8400
9131
4389
9626
9327
5476
4891
5380
6510
7451
6549
9610
9729
9065
4932
4281
1755
52
3085
3764
2582
1963
7325
7925
9159
8562
9276
1582
2801
4334
1301
9157
9353
2515
2869
8800
5354
7516
7346
989
8490
5130
414
7589
1917
6818
220
2337
8872
5728
642
4461
7784
5248
1439
4701
452
8782
3455
6958
1184
5580
2637
5022
5188
2837
4264
6974
9453
6735
5785
2246
3970
1590
8404
5642
5465
4039
8589
3292
859
6090
1965
386
3701
2724
2901
5658
4817
6779
2258
4155
7012
2987
5537
1582
8297
6024
7285
8972
4270
6149
4888
2681
4397
8981
9486
3362
2559
1297
9920
5699
4716
3241
3399
3020
8549
1774
9446
3637
9157
5567
6973
5807
1653
3410
4860
6925
3680
358
2517
8467
5287
7510
2054
7213
2133
1809
4501
8116
981
1736
2348
3341
51
4407
2535
2690
7840
8519
907
8404
6826
9443
762
6785
6539
2442
2020
2227
9393
6469
5184
6906
814
1306
8475
459
1521
8000
4464
584
1349
6163
7802
8626
6760
1930
3302
4732
7150
7815
2603
6658
3159
8895
1422
6345
8702
7179
6689
9433
1636
2878
3453
9049
1997
2296
3600
6730
8889
2299
9496
295
7109
9660
6465
1962
8419
7739
9803
562
5959
1558
879
4788
2708
1227
2467
5984
775
685
2333
6342
1361
5993
7365
201
5579
8442
6205
8962
1477
105
2661
1783
7311
1577
9546
9614
7820
1650
5247
7677
8276
2076
8639
6116
937
1630
6513
6045
5452
7528
669
5986
3200
6270
8831
7280
8368
4742
5018
5323
6813
3636
8894
5667
1066
1699
9276
309
4203
8599
5785
5812
3707
5968
8738
889
3598
418
8048
7417
1030
6547
7212
8326
3770
357
5476
3913
2771
9396
8093
910
5033
8530
540
7568
318
9618
1680
5239
8793
1409
2210
9087
230
1339
6129
748
4587
253
4503
8762
8638
7015
191
1945
3365
4485
1259
8105
4030
4878
1745
4978
9329
12
7350
7496
915
8125
1038
4221
9260
6953
9954
3863
347
9494
8483
2563
9784
8920
718
4826
2234
5244
9937
3428
9803
7
317
5642
5752
9627
7772
944
3805
1194
949
4930
4929
8750
9885
9534
9726
1063
1856
2579
7700
8774
2801
7368
7053
4859
7870
3665
1380
6282
2264
749
9042
627
1425
5619
3305
3586
7303
223
9013
4772
3136
967
1104
4523
86
4850
6293
851
2629
987
5991
3494
8802
3123
7939
557
79
6645
5698
3913
1244
8814
1796
7937
3536
7677
8730
972
9721
87
258
4097
352
4477
1016
2749
6224
9074
4283
9621
9928
2616
4526
6701
9999
7483
432
1928
8872
144
414
7888
7510
2223
5223
8649
7474
1998
8593
3665
2666
7504
9290
2107
908
415
8001
6700
6676
2501
2694
7493
7746
9841
9904
2946
3696
6728
45
7234
7650
6618
3583
2233
9950
9734
2933
9058
8702
7616
7831
6121
340
4675
4311
9624
6061
5970
4836
2848
841
5123
2512
2474
8554
2814
2628
8286
2684
7906
3203
7092
7220
7369
6093
2474
8475
2573
3285
8885
93
8571
8676
5995
6892
9655
9967
2593
6171
5488
3287
240
9144
1093
1168
2157
8393
5000
4964
4745
9083
1154
8312
6
5799
3175
4432
7340
1254
587
8318
4666
4694
7750
4497
9681
1341
5732
5660
6541
4541
16
1795
8357
5801
4258
8078
326
6247
406
311
5851
4966
4607
4694
4064
706
9195
7919
2598
5782
1625
6522
825
4658
281
5956
7841
5421
7587
7236
422
6348
7754
561
8184
7747
8162
6338
4813
5739
6352
4901
1100
4501
561
1956
777
7742
2830
5940
4450
9508
2158
8368
4138
5080
8444
2087
4340
1892
5131
1457
2
1407
6375
919
2206
4015
509
1028
1338
5134
3470
7798
9795
1807
2704
617
5707
6275
326
3478
6134
6440
8354
3544
2037
7393
1224
1984
2850
4539
4132
8138
6171
6943
2398
1503
1650
3588
396
3676
740
103
2937
8130
8905
333
2725
3183
604
8616
8478
3886
2395
4377
3309
8186
8769
1509
6452
7577
4706
3706
1126
9703
3239
7587
2887
2080
3707
4779
7686
5026
1748
3727
2008
625
2438
4551
8168
3069
8501
1718
1851
5042
8409
6607
9816
4878
2007
907
808
6393
1054
2456
5738
8864
9567
2612
987
9713
5376
1387
8100
5038
9906
957
180
8380
370
1652
1807
3979
1389
4404
6631
5963
9160
211
2058
8189
3471
2011
444
1559
3468
414
2823
9244
1402
5930
2081
7068
1322
3773
9821
120
1414
6922
4099
9017
6949
8156
580
7761
5310
8443
4009
2961
64
525
2220
1901
8305
5886
361
733
3333
8227
6934
9221
5650
1628
3169
2408
6017
7784
5193
5896
7592
8622
9887
8529
2390
6072
5582
1015
4190
7474
5721
717
6344
9444
5572
711
4004
1004
1639
8242
2465
4800
4014
8083
3261
2899
1795
8525
4365
293
3488
7207
2111
464
9744
8509
2878
3968
3142
6789
9847
2546
2352
3973
3657
4353
8156
2372
418
477
364
174
9720
7293
9703
2636
1380
5878
3280
4883
1078
1964
9211
8107
997
1496
1948
7843
7173
5899
978
1811
3679
6579
2261
307
1931
6427
1868
4474
5281
2055
5938
3753
7153
2193
3801
601
3967
8574
1791
5474
8531
7252
9953
9101
928
3711
9789
6557
8931
9714
3740
3097
4974
2668
4352
8429
7062
7867
1066
7667
8682
8133
3840
3499
3861
1476
8573
1682
102
3634
3737
7122
8910
3334
4074
9910
8169
8205
5403
9201
8848
1516
5772
3040
8142
1317
6378
8813
1986
6361
9808
6277
5829
4045
94
2300
9372
5376
7674
2031
6752
6651
2677
7787
365
3945
8559
9469
9639
713
1468
1465
9124
3970
5577
8782
9941
4903
1098
5833
5606
8924
3542
1082
7049
1464
4037
3108
3022
682
9992
9785
3239
2320
6107
9957
2553
3846
2855
393
6308
9916
8442
9100
5158
5228
1355
9453
2253
442
120
8395
28
8061
178
2072
7792
7773
12
4476
4579
2444
3040
6758
6769
2746
1443
7256
1097
8820
7802
5588
8102
830
2860
689
9391
7233
8234
2323
4844
7893
61
6538
7162
67
9022
1225
8624
6692
3980
7786
851
9502
4025
6752
6903
7441
5574
7837
3127
140
6704
565
6230
4182
7339
7650
7463
186
8271
4954
7067
6321
6384
7598
4889
6726
4610
4196
2466
4887
2443
7255
1845
3416
2619
13
2784
556
1467
3754
4505
5638
7026
1124
2556
2572
6734
2534
2054
5310
449
3048
6161
4966
2329
7279
7056
1920
100
5857
126
3659
4147
9932
4610
609
9887
8775
9750
884
8170
1593
5368
1401
5928
9512
9600
3241
4749
6885
3507
390
680
9831
4488
4939
4448
1349
1785
6711
3886
5832
4764
8955
4988
1231
2162
1921
1052
6181
9951
160
2508
9072
1820
78
7496
1659
1162
8069
8401
1687
7512
1465
1804
6670
6758
7528
2606
1176
3162
1491
2983
1889
1891
1357
3100
1098
717
3057
2106
2894
7893
6457
1848
8441
5933
7036
7212
2708
7233
1879
2480
9684
7419
7296
6358
5220
2804
8662
7210
960
2317
7677
9640
6548
7677
1625
2701
3379
9067
2441
9362
492
1502
8022
2406
3082
9586
4204
5787
2556
4623
5832
7860
9220
8085
8738
1038
5283
346
8909
1981
4965
8040
4941
7495
1545
640
2392
8551
6452
6435
5056
7131
5302
2755
512
5407
9213
2325
1765
8093
4777
3562
6799
3189
9776
1406
4904
9466
1410
9456
6244
1181
8591
1699
6746
2654
5064
1653
930
5952
7060
3550
1375
3885
7332
2587
4223
8154
7577
732
928
3163
9396
1098
757
5962
2590
9710
394
7732
4601
2557
3284
5156
1767
5096
2045
9845
4505
6708
222
6290
2011
2644
5661
5024
8574
448
6858
1263
5590
2896
3924
2492
8421
2169
8322
8683
39
9596
6367
547
5072
2731
7285
2026
5555
4301
3581
1795
949
9684
4053
1492
3713
4685
435
5645
1932
9208
7994
5894
5196
2873
9546
8969
3077
4062
5821
9936
7332
9169
2239
7856
6719
9872
8446
3222
8316
4124
659
9856
2994
4047
4686
4031
173
9377
7545
2235
598
9628
7382
3752
1170
686
6538
7944
1034
1952
3150
8850
2507
2501
1220
993
8190
4533
535
6256
4011
8107
2534
5076
153
6683
6258
2458
2233
7927
8790
6515
8677
9284
6647
2620
2194
3401
2971
1699
3645
6136
5919
632
3670
2400
4771
992
4582
9618
8569
6416
2198
8530
559
968
1155
8529
7545
333
5261
281
2530
8827
9487
3640
7588
5291
3172
6816
5174
3906
2551
9262
1605
5498
4523
5946
5383
1349
205
5918
1132
2302
5271
9179
8805
2435
9478
3945
4730
5600
1295
5117
8150
1981
2797
6047
6646
6172
1214
9932
498
699
7535
6330
9563
5281
7140
8954
9334
8647
3052
3811
4215
291
8453
5341
5138
8541
9516
4106
8637
5676
6904
2620
6058
8481
3128
2211
4900
7447
2425
6021
88
7912
364
2995
4854
4052
8120
442
5624
3006
5868
1559
9523
1143
4263
8271
1211
3583
7644
846
7499
6824
7024
1710
4917
9454
8678
7418
839
9076
1277
9859
576
7233
2024
7267
1649
4731
5198
2000
8118
402
5075
2547
2327
5088
1895
730
4170
6015
9454
1115
1420
5853
3887
42
7184
1260
6864
7613
7591
9868
611
4957
2385
1116
7178
6736
8754
782
3408
117
7864
6508
1851
2511
844
1208
2300
4214
7719
8456
4217
1450
6215
2881
3630
9545
3571
4419
1551
6627
2923
9174
561
797
9731
643
8010
2419
5153
6214
8917
1089
2469
9458
5514
2307
697
1894
2030
1723
1049
3215
5959
6275
1269
8574
4147
2580
1349
3611
1354
2342
7548
6890
1328
8361
2319
6589
7615
4916
4472
8346
9653
9947
6102
6015
2906
7910
6615
1779
8773
4992
7145
9534
5151
5134
1678
4140
1704
1313
510
5981
5800
8828
5745
6225
9785
138
877
9427
1075
9946
4972
579
216
4925
2882
8168
4546
3186
3502
2646
1977
4495
15
6348
8713
2690
4409
2401
931
3880
7607
5601
9171
4207
275
3698
1794
119
5460
8252
7149
8351
2327
1320
9734
1293
9026
9303
5706
1581
901
2983
4994
2206
4690
3986
13
3192
1070
2887
990
1619
216
7933
9426
21
5769
3605
7125
5498
6077
160
2117
3321
9617
5057
167
292
701
5267
9801
4432
1301
8430
8472
6070
7226
8007
9939
1545
678
2277
2176
8440
1400
907
3741
167
5964
6323
73
505
2063
6407
7636
8705
1794
9590
7380
1898
636
533
7769
5426
7989
6868
8660
1070
4704
9827
4755
7771
9657
9492
2080
5921
3552
6610
1276
8124
308
5539
8838
9806
8243
6874
8416
7935
1217
496
8995
358
5351
340
1457
6141
5502
9488
1868
2624
2460
1630
3782
1478
6302
9531
6664
2676
4551
9595
4871
8030
7352
2717
3379
7871
3233
2208
7314
9562
422
2198
8237
3122
9621
248
233
503
7479
3562
5545
3186
6853
8689
1714
7396
1854
706
9183
3290
534
3037
9350
6371
8592
5401
7562
2372
6672
8913
6402
7260
1050
6896
9467
4676
6479
9353
7145
7562
2201
4139
1668
1182
3572
7043
8000
907
3888
1874
4029
3850
9732
5344
5985
4756
1862
1680
2546
2487
6456
5958
2505
2587
2149
7335
1571
2709
2748
9840
8922
8716
5356
2346
579
6538
8257
1356
1305
6980
5693
2433
5658
9182
4794
9084
8032
9913
7935
185
2323
6127
7042
2006
6125
6688
5710
2338
1807
1949
3509
1892
7042
6021
39
9855
8224
5151
339
3221
9507
5703
9660
5098
8590
5612
6000
3754
2427
922
4998
5629
2021
5475
5606
4345
6984
1363
62
1273
7493
4788
401
9854
9434
1119
3986
8883
5073
9956
8578
6693
1400
2284
8358
8658
5713
5437
3581
3009
2555
4750
337
3267
8529
5916
5883
8264
1248
2460
6476
4053
1551
6193
553
9460
3242
3536
2342
7725
8272
7091
1687
7220
527
9819
6227
9683
2747
5225
1562
2969
2086
719
1416
8899
2637
4338
2634
7674
7071
4786
8097
6669
2500
4334
7653
1680
4827
2386
2123
9685
3956
4194
2170
5483
9647
987
7882
5284
2709
7512
4990
6683
70
6035
340
1637
2434
1900
1643
6183
1820
9967
5476
2889
8923
6113
5340
1642
4227
203
3288
9684
2165
7642
6322
8017
7970
6358
9812
1421
2517
9105
2706
8590
7537
259
6621
1138
1608
5732
4181
4328
3775
9209
3806
2562
2238
2707
2118
5864
6236
804
2134
417
5770
5315
1464
9358
1151
8850
5912
1831
3620
7246
1805
8362
273
2534
7178
5905
6680
1696
8080
5108
8735
9913
1223
8847
2228
1260
9212
1636
9325
9732
669
2356
2173
6597
5939
5434
6830
9272
255
8025
5835
1749
408
4296
4972
8198
804
6682
9768
4393
2197
147
3414
6295
9430
7144
3205
7651
6102
6566
3949
1045
4
4821
2677
4071
812
9102
9095
783
3248
5899
9040
95
4891
7151
316
6633
930
3062
290
2695
6412
3533
2043
458
3075
5
3385
2034
4364
1796
7014
7757
1427
7677
5882
7363
2010
2913
1250
1665
3780
822
8717
9572
8189
7383
4200
7881
3933
7948
1564
1442
3324
6283
9766
6860
6984
6687
8280
527
2756
1560
1871
4165
8099
1331
8756
2063
5414
6348
5815
5316
7075
7009
3176
7899
8727
6841
8200
4332
8060
9252
8672
9746
398
6340
8175
7843
5082
3597
6234
3523
4905
857
3856
7989
588
9504
2796
2500
696
5814
1758
7489
5764
1988
3563
7070
1488
4300
8644
3499
6200
3735
7829
7150
2281
3041
6383
5336
8708
6616
3960
1846
1617
7776
7520
9301
2405
6459
3400
1738
4087
1879
7263
4592
9887
1064
9389
3347
9713
3768
5539
781
1417
8700
5314
5775
5718
3721
7180
1923
6604
470
5464
6127
5796
5636
1097
3293
631
9772
3265
9880
1772
4807
9730
2617
9662
5620
4694
3427
4897
7877
8111
8396
3110
1995
5777
5405
2941
7108
7039
2540
2154
3201
3123
200
5835
7453
2034
276
5290
3099
688
7464
2030
1791
239
9908
1638
4816
4654
8278
5097
8956
7568
1982
1927
4781
8393
96
4437
3322
9952
4474
3383
625
2146
2167
1150
7635
5300
2915
3812
5105
4027
2064
5862
2486
159
5464
5314
3892
1741
372
1088
9028
8796
6764
9318
1528
3474
944
7254
3252
824
2902
1259
4636
5035
3333
2180
287
1237
1762
8272
533
2779
7225
827
2404
6232
3406
7592
8633
9563
916
2975
4278
5900
3086
2440
4487
1396
3940
9465
873
6541
5353
317
4908
8200
4810
3158
6440
4942
6953
9844
7439
969
2459
2742
5058
9956
4670
4480
8134
6256
7087
9118
584
7736
6412
3096
1983
903
4885
1862
8161
441
4472
6342
7193
2575
5374
6572
4055
727
9280
8185
1656
8220
7085
5679
2583
9273
3616
2163
2036
8324
334
6132
7988
1304
93
2188
8426
2499
1084
7332
8485
610
798
8685
7785
4698
3608
5932
8018
9353
9118
6518
7863
5291
857
269
2347
4113
1420
4233
3290
7871
839
4426
6226
1125
7067
6332
463
3361
270
1484
2140
6050
4450
4107
6294
9472
1298
5777
147
3562
7500
3780
5748
4704
565
8168
343
8083
2681
8921
8160
7065
1986
5431
1960
5397
8156
8481
6358
7959
9990
6486
9118
4976
3435
5079
103
9096
1730
4433
1954
7012
5042
8010
3847
114
666
3754
562
6774
1584
3564
3454
906
9737
8836
8784
1538
9305
7299
9384
830
8219
9993
9108
7587
882
7642
8213
1372
2465
5717
9109
877
248
7425
8473
777
960
3496
2852
2228
4666
3977
6525
9995
482
8120
4450
6178
6042
553
8892
7646
7204
3453
420
533
5039
780
1863
9699
4262
4
6982
15
1206
4880
6481
7709
1679
3821
9526
5700
6348
5081
8036
4994
9350
5020
9172
2399
4550
652
4778
4144
3466
9339
6601
6909
970
5348
1141
7541
9387
3159
5101
2960
6659
7872
3576
8598
1790
478
2590
7662
6177
3667
4731
4937
5741
5064
4560
2496
3367
2947
3019
6122
3957
3915
5352
4563
2699
5147
3912
1194
8838
373
2688
8538
7705
1305
469
5660
7303
7478
8215
5034
8816
2240
1131
1686
7791
2035
7454
748
6147
4663
4598
4982
9901
6164
1307
5023
5529
3080
1350
8090
657
4023
5897
3716
558
4722
6720
9479
1888
7083
6726
6720
1280
9639
7835
4403
2372
3509
6084
2349
8899
431
2115
491
4025
7167
8793
6265
5421
2228
713
7421
546
4116
5039
214
3787
5076
9665
703
4562
8118
917
2536
5706
4882
451
3383
5091
8088
2844
2778
8287
3988
411
9712
7795
7955
3531
1017
3455
4774
7033
9516
4018
7845
5659
664
1079
6726
7185
5580
9237
4894
507
9818
2118
7158
668
6217
3061
9857
5357
2891
7790
4782
3173
2543
8641
6121
3703
2920
5831
8615
5885
7533
9784
8962
9156
7986
6780
3137
6007
5958
9632
2747
2144
9583
124
4765
9021
8867
4899
2235
2640
8296
1546
4132
1865
15
8268
281
4423
364
1101
750
1693
7465
830
2242
2162
476
2048
3484
7868
982
2669
6343
1101
2061
4451
6175
8286
7356
2418
8588
3403
6585
8809
766
6800
7688
4348
2842
4963
8190
2936
5589
3889
5369
8874
6253
8237
1182
8701
6048
582
8162
9538
7527
3417
6701
3253
1731
87
3308
4477
7148
3289
3494
5652
2518
3296
6722
6056
8932
7057
7687
130
4945
754
5667
1605
2285
2334
5136
8137
6516
8047
7844
168
3014
3757
6632
5960
1954
1057
8411
5899
3332
2095
5048
1571
161
2756
9413
6842
241
1068
2125
6593
5276
1111
5617
983
952
1868
1050
6876
7986
3631
434
455
9466
6479
2500
8197
2004
6675
2721
243
4652
2087
8181
5646
1882
9889
9817
584
6710
2585
8458
1358
446
8792
2537
7704
1126
1184
4084
2096
5423
7852
4710
567
107
2873
5867
5172
1680
5734
9126
2574
1339
9688
1814
4844
7735
4417
358
5435
4846
1361
5620
5808
6190
6478
9349
8431
7168
1552
1383
555
6741
3472
9511
9407
9186
1155
275
4444
5422
2033
5042
6692
186
8250
5779
8487
2416
4907
4596
1051
6638
1309
1765
9217
8421
2928
1804
4101
2765
5638
2073
6903
8956
2098
6508
4616
1975
3699
2950
1463
616
5452
4558
7901
3472
8054
197
1013
8030
3239
5084
8592
7873
1573
1492
3207
459
9142
8485
1619
9862
1338
6196
2602
9259
7579
5743
2570
9233
883
8635
9563
979
9183
9056
7472
38
6307
8866
4751
6857
1838
8276
9649
9821
9919
8616
4524
1959
4968
3578
2159
5891
3474
5774
5309
6715
8146
4551
1149
8281
3402
218
8897
3178
6963
7217
3719
9747
2681
6500
1613
280
8135
693
2856
314
6581
3403
5029
3825
799
6866
2865
7611
5496
2049
6727
564
4271
8636
6969
7462
5489
5338
273
8514
8607
4394
5384
5184
8241
8098
1398
2628
1178
4456
5579
977
5950
8100
1709
7762
338
2661
2387
7271
6084
2708
1986
7453
5275
998
8150
3377
9999
853
6851
166
6171
7697
5484
1029
978
6803
9028
4564
560
1747
3923
3386
2115
1403
3899
1186
5066
6411
5339
910
844
4654
8564
3134
1020
5773
8779
6418
6716
7298
6910
4252
6096
2608
8539
1913
8580
3281
9005
2465
6416
7584
5495
1212
3323
8456
8822
3384
5310
6396
3379
57
6778
4009
758
3536
1916
7161
4449
2464
2352
7193
3852
8764
9829
7438
5036
4564
5664
1875
9258
7346
9426
2581
6641
3616
7518
6387
8824
1053
9174
960
1361
8336
3349
6108
9056
9227
8915
9426
5024
6723
8852
2275
8963
3567
2130
6098
6969
8432
3772
3377
1763
6560
815
5724
9671
781
2340
8772
3063
2760
8074
1280
5645
6553
6950
2735
3530
950
1816
5200
800
7124
4015
5190
7580
1469
1072
2566
7832
3986
1379
3331
4687
5939
3422
524
1171
6684
4054
8404
9659
2786
3971
2434
1329
4847
5364
4890
6604
8554
5427
9948
9112
5387
874
8875
3999
7149
5269
6417
7090
8261
3882
8193
248
418
5095
8861
3691
789
6923
7289
5246
1747
4904
5727
7779
4376
4375
21
8589
2063
636
9196
3266
9791
3851
4410
3795
5464
6652
59
2943
6543
6379
6403
4084
2341
1459
2679
6823
9119
3835
3884
2647
7666
6689
1904
7565
4557
5623
7560
2150
8907
8876
1306
836
1337
2604
7628
8738
373
7690
5964
630
2376
5357
8385
1420
8694
2520
2290
3361
5955
7375
8630
7037
1511
8455
3467
293
5829
3213
3387
607
5625
4890
8540
2599
2048
2645
8039
7410
1549
9705
7740
1361
3097
2536
5475
2600
1098
529
838
4831
9368
9822
2877
5945
7820
5409
4058
6004
2425
944
2598
1328
1695
3966
2156
6371
6045
252
9909
6284
2232
3488
3523
9542
9834
8261
3761
3088
6892
1043
8763
4267
150
7617
2731
2019
2374
535
7379
1777
6832
4009
9506
7873
1238
241
4544
400
1864
4795
1180
6952
8605
6984
2585
6622
3666
5339
8548
6235
4210
8472
4873
8971
1191
6894
6278
3027
1760
2898
9968
662
9795
62
2101
617
3013
7322
930
9973
5672
874
6246
3357
7028
7607
4262
2785
537
3507
3282
2211
9668
2231
3576
9448
865
7951
9752
1856
8271
6569
3960
2745
1386
921
3128
7825
421
3201
2137
9115
822
2783
4249
4565
198
4391
722
9719
1881
2195
4469
7374
8987
7816
6576
473
3036
779
4136
6516
8846
4468
4323
3011
4396
2562
9012
113
4269
878
6284
587
7225
6212
783
7526
6523
1376
4198
2312
1848
6693
6755
2133
5295
8500
3946
24
6433
9531
9629
7365
5059
2828
8856
1788
5409
8959
927
5985
6
9434
9861
3114
8585
6544
2351
1545
746
5913
824
9723
9454
5825
4006
4784
1895
6402
8588
3115
4199
822
113
2652
358
2887
8193
9836
4803
9946
8195
6297
3255
5725
2187
2467
4096
3324
5745
8278
556
4202
1265
9849
3668
1501
4836
4278
1196
8651
3472
731
4344
5428
4219
2977
1136
1968
8565
9419
8439
5051
7655
9792
1513
5453
5414
381
9508
1327
8669
7269
8280
219
1786
2090
2785
867
8775
3617
3013
1221
7164
8128
361
1054
7027
6827
8425
3468
6268
1536
8744
6264
2594
4800
6916
9332
1758
4559
6061
1185
8043
3181
8119
2949
1481
1814
591
5226
102
9223
107
634
3834
994
1236
9562
4529
2276
2360
8565
3198
4228
3627
6971
2750
7535
4543
4153
4571
9746
1556
8763
2771
3031
4449
8526
2280
8661
9123
5579
4009
9873
1573
1185
7712
2057
5281
8051
3005
5282
8790
8978
6852
5967
4795
3019
4306
6566
5811
20
1733
1118
6513
4083
5437
1724
6285
2561
7246
8238
2519
4317
5975
6695
6684
483
5864
12
9064
2238
2415
4158
2667
2507
4788
6729
7742
1649
966
1116
5079
7582
2261
6427
779
6867
609
3746
52
6739
1203
4890
2099
1832
6858
5936
2120
4983
6489
596
7407
7541
3632
7872
6349
7497
7399
762
3452
9796
1810
9995
1348
8030
5233
1089
9691
3763
2071
4241
4045
8830
110
1
1279
1605
2265
1734
1968
6149
9547
7209
1697
1839
7814
4975
2375
2835
677
8281
9471
1324
3438
4361
1025
8637
9794
4791
2376
2810
4520
7939
9505
4377
2761
2619
6193
5114
9789
575
9420
1526
6133
3059
6036
7172
9802
6373
9615
3490
6215
8240
6060
2561
1666
6032
6855
1681
6225
8726
1755
7280
2938
7454
4007
2237
5243
4368
2308
8001
5164
4068
7846
6433
177
7322
3857
6973
885
3624
2654
4972
5667
3861
45
5692
5990
6406
2829
1060
2100
54
3467
1837
454
7756
840
1809
4780
7303
5038
66
4415
8941
5251
2270
8438
7909
6847
7137
1565
641
7947
3339
755
1569
4810
900
2354
7539
6508
8446
597
207
9713
842
2181
8931
2395
8573
8660
4986
4663
6340
4478
1506
2590
3749
509
4237
2182
3256
1564
3688
9358
727
4333
7595
923
2530
4223
1073
5628
3285
4954
3817
3716
8350
2446
1723
1241
8553
7003
8015
8649
7711
4273
4266
1613
3359
6044
1690
3600
5083
9816
6917
2625
1510
9323
3069
1047
6316
5971
3766
5332
6643
2317
2555
6958
9809
7560
926
9050
8318
2762
4655
3785
299
6401
3775
8088
2435
3068
2692
8627
6529
4475
9599
3658
7218
1476
4461
6102
460
3960
268
8173
1823
8821
4063
4708
364
4749
1986
3205
4979
23
209
5122
4385
5444
4471
8584
1785
2437
2867
7511
3970
139
592
5777
1618
9376
5908
5265
5626
8228
7577
3038
3746
1738
4715
496
2085
3220
8241
2963
7265
1867
1487
1497
9944
5204
5915
5381
2138
607
2111
7061
711
7858
9406
1407
1791
4438
8586
1504
5564
3569
5046
64
2339
6708
9624
4410
9511
1396
2609
9451
3374
8046
8495
7241
1112
8695
2787
2630
925
8563
751
2341
8679
663
7906
3148
5360
6448
9639
6042
4796
8453
9914
187
842
1130
941
6489
3031
4151
363
1206
356
5609
5515
472
8954
2615
7654
6356
4427
8423
1692
4974
570
802
308
1007
1565
2485
7715
3896
9233
3338
7311
7286
8576
6310
8484
1638
3807
1108
198
2475
1339
7202
5561
334
6997
5643
7134
1062
5002
5141
1038
6536
4936
4203
1483
9632
9118
765
197
1105
8948
2359
9179
5417
2635
847
4643
1945
8854
7267
396
5539
4457
5539
385
2532
161
2906
6801
2053
7252
6499
861
701
2794
8778
353
5545
8348
1264
438
9198
9244
7171
5351
7741
8966
8942
2243
1593
421
684
8819
6694
1160
1699
3245
9954
5830
1518
3512
344
7393
347
272
9394
4855
1655
4796
975
7358
7863
1598
9030
1281
4808
6315
2058
2982
7625
8380
7486
9379
327
9524
5803
8976
4057
6131
351
13
5038
315
1592
6647
2900
4353
7266
456
9178
6741
1725
7565
4504
37
4178
6988
2589
9375
1879
7253
6761
6118
3089
1832
1613
615
2906
3207
9359
7005
1428
3949
706
4305
6093
5088
438
6918
1059
4163
8603
6004
2073
3696
5196
5315
7546
6916
8746
6955
7053
6586
1814
2793
2890
8044
1940
852
8221
5239
9948
865
2984
3039
6050
6004
6014
7795
4840
3288
237
1938
1939
7521
9867
8255
5083
2335
4757
5777
3495
2134
7603
1869
8313
4476
6864
5208
7925
4115
8297
4231
2696
8680
7540
2378
1206
8282
9235
1465
8052
287
3593
4973
408
1347
8668
2594
3838
8131
7996
6283
6268
7577
5426
4535
152
440
1548
211
2632
3867
2633
8192
5611
153
1408
1222
2134
3596
9974
2265
385
706
2639
3083
4451
9891
3908
3074
2267
5077
7702
9771
177
1068
8130
9327
1293
9765
1734
8565
8342
1461
5363
137
9533
3726
9155
2987
4635
7826
2620
747
4983
6075
2678
5780
5421
682
5658
4902
8476
5982
5340
4504
319
8279
6890
1533
5758
1963
469
6551
6549
6137
8031
1930
2598
2109
9141
6322
331
3668
8976
2471
2286
4960
39
2272
9420
9133
4167
1062
8935
2389
6165
1210
3772
4466
5827
2522
1477
6354
129
3536
5199
3951
1286
443
4078
1215
751
4034
8991
1705
2712
9078
1102
6362
4841
8696
1770
3015
1554
7851
182
5652
3690
7546
8529
5540
6468
1437
8136
9921
5811
9656
1451
4383
4256
8629
3309
6764
4393
324
9599
7643
7676
2751
3072
3553
2693
2579
1470
2447
7348
7643
1584
2017
2450
2559
4567
6998
9446
734
6561
9458
6403
904
8912
3728
6868
2751
2459
2140
1498
4622
3124
2304
9589
3451
2666
1309
5762
6681
9503
972
5716
5057
877
3077
8006
4994
1076
2224
1104
6182
4871
4955
1816
5735
5944
1707
7530
6849
9297
4998
8987
522
9748
8865
4347
9984
2725
373
4473
7922
3303
3415
1003
9090
3092
5320
6942
6057
6466
9722
1355
4092
2322
677
2987
9533
4586
2089
3756
6580
1653
36
340
8544
569
8390
9717
1704
618
5762
7506
7383
2285
792
9425
3752
1631
7810
6865
5582
2823
7580
8590
9624
8234
6855
4643
4610
3326
9295
3232
7071
192
9612
2828
3366
1434
1526
3644
1275
2079
5693
7332
5839
2313
935
1837
3594
9957
43
9176
8632
4221
4541
7538
7410
9223
5227
4233
207
5404
5640
2750
5067
6715
5895
6443
2134
7406
2347
3175
6367
5678
2652
215
3763
2931
5100
2040
2017
9902
5786
762
1664
6715
8935
5871
6467
3041
9031
8532
5259
4972
3019
2047
5086
7549
1485
7738
6151
7231
8971
1071
6270
2813
7863
5141
3018
8435
8590
169
7428
7826
4776
2304
8061
7273
9744
364
818
272
7476
2573
7327
934
1215
5498
7730
157
8789
4289
6418
1636
175
9195
8048
3254
4056
3187
700
2337
134
2073
7083
1226
3789
5506
3671
4846
5537
738
7800
4332
1274
2412
1970
8642
9597
2120
1374
6533
649
1927
5326
565
2623
4052
9307
1296
7157
8156
9761
9061
812
2703
6014
428
33
5863
8503
372
2769
8584
827
5933
2641
9592
8908
9896
8189
2801
4939
9804
4175
7509
499
410
9794
2322
969
2370
2903
4870
1154
551
4056
7188
2566
8593
524
4359
9492
5698
250
135
1093
6924
9761
7754
6485
8480
6599
4140
8960
393
5216
1682
3721
4011
5826
8092
33
1974
7462
1945
7222
9664
8418
9759
8394
6177
9941
3003
7734
7424
1906
1798
3102
1983
2321
489
3814
1859
5090
9074
8981
2630
3892
3351
8169
8960
4437
4554
1276
8435
1274
1790
6
1238
7569
7593
5698
4773
5
3131
9557
8598
6787
4622
4668
3087
8746
718
8630
9479
744
3482
1091
9834
755
2444
2250
993
2772
5078
2785
2913
747
9533
5704
9330
3071
2506
9991
6035
3941
6030
2682
8717
9059
1526
6921
3349
1733
9616
5597
7237
6831
2349
7456
1997
3396
2680
5765
6134
2023
3205
5960
4936
2096
6861
2982
4445
6066
953
4560
7221
938
9549
1756
6491
8010
2839
8765
3175
4407
1080
9076
5782
7904
3603
791
871
5376
6035
977
1319
4038
8818
2745
4096
6435
6487
1896
9069
5587
6799
4309
5649
1695
2559
8355
5385
8050
1833
5182
8575
2475
6638
3122
3904
1939
7043
9885
2112
1760
5510
4310
2701
5784
4739
5629
49
7450
2146
2196
6604
5785
5779
9151
7009
2875
4957
6520
7007
3169
883
1702
1156
9304
2233
3183
5149
6496
9877
8540
5905
9113
5129
9116
8414
6583
8432
3179
819
9262
5831
3332
5201
3166
3806
2309
4284
8181
4895
1682
7718
8017
9774
4397
5357
2533
3137
7172
2276
2558
1186
9403
3568
9974
2707
5676
276
873
2002
7276
7263
3030
557
6143
2227
2120
1431
319
8826
1750
7084
6201
324
9592
161
8185
5684
1307
8416
7160
1724
5158
2994
2898
6486
5614
1549
3965
2085
983
2193
4806
3067
3116
5901
3934
8732
6625
6615
262
2050
1990
8956
7670
6851
15
9413
228
2240
738
9851
2147
4687
9984
1964
5530
6108
4344
1519
8119
6859
6057
8692
1507
4752
8150
4159
6936
7747
8543
9190
2528
974
1581
4505
2304
1305
9293
1234
9301
7961
2978
5789
8062
3268
5076
1097
1578
2248
4909
735
1971
1292
8662
7524
6427
1671
2733
4186
6773
8752
4858
6395
824
8213
3634
8744
3247
5840
1484
2271
1957
1383
7842
2827
3295
4323
3594
1873
8634
323
325
8344
744
4066
3720
7656
852
6006
5737
3095
7534
3211
444
8415
9395
3679
1071
4948
8876
2895
9602
8276
5291
1106
7723
1360
4865
1156
9353
7643
371
7510
5112
1744
430
308
5733
9929
456
8311
4770
1789
233
3500
4219
9001
5803
2884
7242
178
6190
5822
7944
7946
9711
1330
2678
7266
5017
6287
7451
3631
8236
424
2526
4896
7341
7130
9862
2590
3151
6433
639
2197
2817
2283
1297
7618
8151
2477
9772
9757
7421
7189
6998
1849
1705
1855
2569
5754
7393
5916
1942
2470
9757
4672
1790
7247
5790
8091
3619
1296
8463
6587
3962
8966
155
4832
6372
5601
7855
8096
5021
27
658
4315
6836
7960
5538
2546
460
7519
5328
995
3699
9736
7471
7000
3633
4806
4248
3201
2403
6343
8162
5055
5785
8841
1281
2243
9260
1695
9644
2054
853
3892
4755
2666
7114
6128
8785
6097
3689
1513
9086
8925
8714
7340
5529
9751
287
1836
8116
1683
5664
2666
5631
3716
4197
4053
4922
989
2131
9284
6021
1192
1099
6978
7195
5225
3679
9144
2334
805
5558
6018
5860
3552
8098
7371
3091
2565
5488
858
2489
4746
1808
2609
6495
4514
486
7859
9502
9524
5040
6391
8339
3484
3864
8698
2383
8657
6428
1673
4850
7799
877
2031
2537
7941
853
6556
5397
7914
6172
5415
3855
7276
6060
5926
761
7761
2980
4539
7606
8289
5930
1216
5724
4203
3220
5030
7193
8840
3145
251
3844
1037
3188
4347
166
7141
5561
1800
8232
2174
3546
8380
1166
6146
8764
4238
7909
3833
438
9396
1513
1405
6794
6600
7850
4222
4743
1902
9888
871
2270
9893
7372
7313
7540
1548
3953
7110
1463
1878
7923
713
7556
2577
303
4676
5384
2116
6267
5938
1429
1527
2127
7742
5816
7255
3237
12
2745
106
8428
6294
9059
6416
1267
1785
4948
7706
4340
1330
7383
2975
9647
2803
9648
157
1305
5402
9271
7694
244
5652
7721
8283
1121
7086
764
8068
5411
2572
274
4849
470
1406
6655
4115
7440
4143
702
3454
3159
1423
7264
5915
819
7780
4471
5993
6676
77
595
356
6487
9079
2586
5273
8790
1203
1757
8568
6750
2344
7417
8971
7829
645
555
3622
8347
7978
6056
7680
1936
2071
2940
6161
471
580
6481
4284
7545
4131
2946
3055
3261
6228
5264
1896
2358
8311
6805
2923
1869
5991
1927
2497
9249
3205
6911
5747
9757
1410
3771
295
6361
7793
1361
9354
5411
668
3333
4719
7503
518
9501
1687
3836
1633
2034
4113
1514
1377
9034
5476
2537
4081
8596
7547
403
260
1459
1472
7981
8158
8111
9468
1817
8933
6296
5773
2992
6946
1421
777
2606
332
1324
6787
334
967
5146
7836
4569
4281
3925
2443
4457
13
952
8960
9426
1132
2287
8117
5411
312
9308
9926
3385
1211
4937
339
3877
4544
8639
6963
1999
2191
9062
764
9883
7199
2814
5536
7835
5655
4846
4681
3253
7253
1258
2601
3078
5427
906
8715
2215
23
9097
4654
7536
634
4060
2611
4810
5260
1620
3269
8361
5622
4021
6201
5689
8895
295
3478
6248
5043
4748
5990
4021
2096
6052
3661
3352
899
5646
5402
1874
2275
7952
4892
438
8588
1096
9558
7544
5424
4035
9014
228
4904
9855
3091
7042
7457
6045
3413
4441
6741
7241
9273
706
9207
2300
53
6399
51
2721
7721
1179
2116
615
5671
7955
3976
295
5556
5446
2498
7222
9007
8601
7999
2573
3297
5470
2651
2791
886
3973
1493
5515
2075
7795
3312
6779
6248
9763
1835
700
2624
7467
5731
2263
3047
112
2151
9327
2388
4124
8476
9556
9079
5871
2082
6071
3324
4115
6007
9231
2464
8869
6491
3419
7651
321
1972
6697
9439
8989
1651
6039
4473
4152
6598
5112
6869
1092
4911
9913
943
8035
6485
5380
8855
9662
6313
9364
2620
3899
8492
8331
2972
1776
911
1617
5594
6627
8347
6301
6146
8243
9651
313
2266
2429
6566
2881
9705
3080
8809
4428
2284
9410
2484
6079
3446
8990
6300
1054
2504
9053
66
6260
3793
7806
3145
1428
5672
8369
5662
5809
1144
1392
6899
7451
4107
4031
4780
9724
682
4114
8541
5906
7652
9329
9731
3469
61
2568
4099
395
6168
4354
1825
3458
1800
6231
5266
6526
2292
7747
5507
6939
7466
4761
9211
3734
6581
2312
1518
9599
9953
4700
3556
8657
4622
3880
9849
3637
323
3267
982
8996
9750
657
4929
1868
7657
8788
8560
5701
7270
274
9539
7380
4703
536
3315
3328
2607
2863
1589
9667
8693
2270
2516
3187
6483
2464
62
4177
3489
9192
7438
817
1255
3826
8906
6636
283
5836
6301
5634
7064
2005
2247
1860
7936
8900
691
8289
2514
7356
938
5824
9103
8414
3303
2350
5626
3328
2122
8647
1535
1533
5937
474
6102
1341
580
9944
5159
5735
8207
9821
2767
5076
6486
2771
6036
1429
2035
259
9574
776
5572
1005
8871
7190
4707
5818
1852
9729
1686
9344
1924
5020
9864
9398
4345
5691
5143
9945
484
5470
448
2414
5654
9400
9639
7848
6132
2164
1724
5997
626
8650
4330
4116
5012
6814
3042
6689
2369
5465
1704
2836
4217
237
4587
9679
3448
2675
7851
759
1019
1720
3942
5453
6099
5431
228
2493
1911
1000
3348
7382
3759
7050
1654
7259
31
2428
5531
409
1792
5955
729
4427
3461
4695
7459
5755
5516
4174
9560
3546
9779
8093
523
5025
190
5244
9604
3608
9782
8601
2485
4183
7860
896
2047
2347
7455
3338
6917
7548
6610
1620
7377
5389
5729
3906
9510
7187
61
9842
1191
2665
6341
5125
4006
643
352
3148
9183
2370
5481
7024
1157
5752
7530
7349
8381
7260
4604
4079
90
1024
718
6198
1401
8497
8116
6470
990
8655
1234
5418
2030
9517
3001
5817
4655
6939
9184
2305
3212
5923
231
2484
7838
2096
9241
2416
824
5846
9824
580
2689
8878
5421
